School DBN,# of students over five active on register,# of students w/ at least one dose,% w/ at least one dose,# of students fully vaccinated,% fully vaccinated,# of students not fully vaccinated,% of students not fully vaccinated,# of students never vaccinated,% of students never vaccinated
01M015,169,62,0.367,53,0.314,116,68.639,107,63.314
01M019,168,79,0.47,65,0.387,103,61.310,89,52.976
01M020,307,159,0.518,123,0.401,184,59.935,148,48.208
01M034,244,99,0.406,71,0.291,173,70.902,145,59.426
01M063,161,76,0.472,58,0.36,103,63.975,85,52.795
01M064,185,77,0.416,66,0.357,119,64.324,108,58.378
01M110,296,164,0.554,153,0.517,143,48.311,132,44.595
01M134,165,58,0.352,41,0.248,124,75.152,107,64.848
01M140,325,158,0.486,126,0.388,199,61.231,167,51.385
01M142,283,101,0.357,75,0.265,208,73.498,182,64.311
01M184,674,579,0.859,545,0.809,129,19.139,95,14.095
01M188,377,141,0.374,104,0.276,273,72.414,236,62.599
01M292,284,203,0.715,180,0.634,104,36.620,81,28.521
01M315,282,220,0.78,206,0.73,76,26.950,62,21.986
01M332,191,136,0.712,114,0.597,77,40.314,55,28.796
01M361,252,168,0.667,142,0.563,110,43.651,84,33.333
01M363,221,178,0.805,156,0.706,65,29.412,43,19.457
01M364,219,125,0.571,111,0.507,108,49.315,94,42.922
01M378,170,107,0.629,90,0.529,80,47.059,63,37.059
01M448,510,409,0.802,380,0.745,130,25.490,101,19.804
01M450,693,562,0.811,528,0.762,165,23.810,131,18.903
01M458,125,72,0.576,47,0.376,78,62.400,53,42.400
01M515,469,292,0.623,215,0.458,254,54.158,177,37.740
01M539,1629,1435,0.881,1370,0.841,259,15.899,194,11.909
01M650,116,54,0.466,34,0.293,82,70.690,62,53.448
01M696,604,553,0.916,539,0.892,65,10.762,51,8.444
01M839,326,249,0.764,231,0.709,95,29.141,77,23.620
02M001,189,111,0.587,89,0.471,100,52.910,78,41.270
02M002,344,238,0.692,207,0.602,137,39.826,106,30.814
02M003,523,407,0.778,371,0.709,152,29.063,116,22.180
02M006,501,423,0.844,383,0.764,118,23.553,78,15.569
02M011,716,581,0.811,545,0.761,171,23.883,135,18.855
02M033,482,311,0.645,276,0.573,206,42.739,171,35.477
02M040,586,462,0.788,436,0.744,150,25.597,124,21.160
02M041,435,370,0.851,337,0.775,98,22.529,65,14.943
02M042,476,407,0.855,382,0.803,94,19.748,69,14.496
02M047,233,189,0.811,169,0.725,64,27.468,44,18.884
02M051,374,202,0.54,180,0.481,194,51.872,172,45.989
02M059,520,417,0.802,373,0.717,147,28.269,103,19.808
02M077,346,312,0.902,285,0.824,61,17.630,34,9.827
02M089,313,269,0.859,240,0.767,73,23.323,44,14.058
02M104,905,773,0.854,735,0.812,170,18.785,132,14.586
02M111,302,170,0.563,123,0.407,179,59.272,132,43.709
02M114,418,361,0.864,336,0.804,82,19.617,57,13.636
02M116,346,252,0.728,223,0.645,123,35.549,94,27.168
02M124,538,465,0.864,420,0.781,118,21.933,73,13.569
02M126,578,455,0.787,406,0.702,172,29.758,123,21.280
02M130,620,526,0.848,471,0.76,149,24.032,94,15.161
02M131,226,183,0.81,170,0.752,56,24.779,43,19.027
02M135,285,204,0.716,183,0.642,102,35.789,81,28.421
02M139,388,282,0.727,250,0.644,138,35.567,106,27.320
02M150,141,119,0.844,111,0.787,30,21.277,22,15.603
02M151,338,241,0.713,217,0.642,121,35.799,97,28.698
02M158,599,480,0.801,432,0.721,167,27.880,119,19.866
02M167,1144,964,0.843,912,0.797,232,20.280,180,15.734
02M177,221,180,0.814,175,0.792,46,20.814,41,18.552
02M183,479,435,0.908,392,0.818,87,18.163,44,9.186
02M198,387,277,0.716,252,0.651,135,34.884,110,28.424
02M212,257,179,0.696,162,0.63,95,36.965,78,30.350
02M217,655,505,0.771,470,0.718,185,28.244,150,22.901
02M225,290,209,0.721,196,0.676,94,32.414,81,27.931
02M234,453,409,0.903,376,0.83,77,16.998,44,9.713
02M255,337,302,0.896,289,0.858,48,14.243,35,10.386
02M260,767,709,0.924,678,0.884,89,11.604,58,7.562
02M267,379,304,0.802,272,0.718,107,28.232,75,19.789
02M276,712,597,0.838,559,0.785,153,21.489,115,16.152
02M280,461,357,0.774,323,0.701,138,29.935,104,22.560
02M281,397,302,0.761,276,0.695,121,30.479,95,23.929
02M282,503,409,0.813,380,0.755,123,24.453,94,18.688
02M288,421,314,0.746,289,0.686,132,31.354,107,25.416
02M289,234,208,0.889,195,0.833,39,16.667,26,11.111
02M290,361,293,0.812,273,0.756,88,24.377,68,18.837
02M294,348,284,0.816,267,0.767,81,23.276,64,18.391
02M296,233,171,0.734,147,0.631,86,36.910,62,26.609
02M297,602,473,0.786,431,0.716,171,28.405,129,21.429
02M298,558,435,0.78,398,0.713,160,28.674,123,22.043
02M300,244,175,0.717,156,0.639,88,36.066,69,28.279
02M303,325,233,0.717,206,0.634,119,36.615,92,28.308
02M305,328,249,0.759,219,0.668,109,33.232,79,24.085
02M308,341,249,0.73,222,0.651,119,34.897,92,26.979
02M312,534,487,0.912,467,0.875,67,12.547,47,8.801
02M313,144,63,0.438,41,0.285,103,71.528,81,56.250
02M316,111,82,0.739,72,0.649,39,35.135,29,26.126
02M340,276,219,0.793,201,0.728,75,27.174,57,20.652
02M343,331,252,0.761,229,0.692,102,30.816,79,23.867
02M347,147,100,0.68,84,0.571,63,42.857,47,31.973
02M374,504,394,0.782,360,0.714,144,28.571,110,21.825
02M376,466,434,0.931,415,0.891,51,10.944,32,6.867
02M392,391,264,0.675,216,0.552,175,44.757,127,32.481
02M393,457,321,0.702,275,0.602,182,39.825,136,29.759
02M394,274,168,0.613,111,0.405,163,59.489,106,38.686
02M397,414,359,0.867,343,0.829,71,17.150,55,13.285
02M399,204,157,0.77,135,0.662,69,33.824,47,23.039
02M400,1089,907,0.833,841,0.772,248,22.773,182,16.713
02M407,487,431,0.885,414,0.85,73,14.990,56,11.499
02M408,542,467,0.862,446,0.823,96,17.712,75,13.838
02M411,480,453,0.944,444,0.925,36,7.500,27,5.625
02M412,486,449,0.924,439,0.903,47,9.671,37,7.613
02M413,716,643,0.898,621,0.867,95,13.268,73,10.196
02M414,492,450,0.915,432,0.878,60,12.195,42,8.537
02M416,538,500,0.929,485,0.901,53,9.851,38,7.063
02M418,645,590,0.915,580,0.899,65,10.078,55,8.527
02M419,342,254,0.743,222,0.649,120,35.088,88,25.731
02M420,1677,1392,0.83,1314,0.784,363,21.646,285,16.995
02M422,551,410,0.744,383,0.695,168,30.490,141,25.590
02M425,277,220,0.794,188,0.679,89,32.130,57,20.578
02M427,222,166,0.748,122,0.55,100,45.045,56,25.225
02M432,245,196,0.8,177,0.722,68,27.755,49,20.000
02M437,300,225,0.75,200,0.667,100,33.333,75,25.000
02M438,317,225,0.71,188,0.593,129,40.694,92,29.022
02M439,434,388,0.894,372,0.857,62,14.286,46,10.599
02M442,125,109,0.872,104,0.832,21,16.800,16,12.800
02M449,409,317,0.775,298,0.729,111,27.139,92,22.494
02M459,323,230,0.712,198,0.613,125,38.700,93,28.793
02M475,3313,3133,0.946,3065,0.925,248,7.486,180,5.433
02M489,700,559,0.799,513,0.733,187,26.714,141,20.143
02M500,313,245,0.783,209,0.668,104,33.227,68,21.725
02M507,445,349,0.784,319,0.717,126,28.315,96,21.573
02M519,480,409,0.852,390,0.813,90,18.750,71,14.792
02M520,113,70,0.619,63,0.558,50,44.248,43,38.053
02M527,440,359,0.816,309,0.702,131,29.773,81,18.409
02M529,195,150,0.769,133,0.682,62,31.795,45,23.077
02M531,233,202,0.867,196,0.841,37,15.880,31,13.305
02M533,428,351,0.82,334,0.78,94,21.963,77,17.991
02M534,412,328,0.796,300,0.728,112,27.184,84,20.388
02M542,477,398,0.834,357,0.748,120,25.157,79,16.562
02M543,484,361,0.746,323,0.667,161,33.264,123,25.413
02M544,313,149,0.476,92,0.294,221,70.607,164,52.396
02M545,373,343,0.92,332,0.89,41,10.992,30,8.043
02M546,442,339,0.767,317,0.717,125,28.281,103,23.303
02M550,425,253,0.595,168,0.395,257,60.471,172,40.471
02M551,512,409,0.799,387,0.756,125,24.414,103,20.117
02M560,501,300,0.599,221,0.441,280,55.888,201,40.120
02M565,151,125,0.828,110,0.728,41,27.152,26,17.219
02M570,174,87,0.5,52,0.299,122,70.115,87,50.000
02M575,638,296,0.464,170,0.266,468,73.354,342,53.605
02M580,278,213,0.766,191,0.687,87,31.295,65,23.381
02M586,66,42,0.636,30,0.455,36,54.545,24,36.364
02M600,1662,1281,0.771,1181,0.711,481,28.941,381,22.924
02M605,255,219,0.859,199,0.78,56,21.961,36,14.118
02M615,426,325,0.763,297,0.697,129,30.282,101,23.709
02M630,1500,1242,0.828,1191,0.794,309,20.600,258,17.200
02M655,329,231,0.702,210,0.638,119,36.170,98,29.787
02M896,343,291,0.848,275,0.802,68,19.825,52,15.160
02M933,120,71,0.592,57,0.475,63,52.500,49,40.833
03M009,457,383,0.838,361,0.79,96,21.007,74,16.193
03M054,758,666,0.879,623,0.822,135,17.810,92,12.137
03M075,443,279,0.63,229,0.517,214,48.307,164,37.020
03M076,266,139,0.523,102,0.383,164,61.654,127,47.744
03M084,480,364,0.758,316,0.658,164,34.167,116,24.167
03M087,624,535,0.857,507,0.813,117,18.750,89,14.263
03M145,347,158,0.455,129,0.372,218,62.824,189,54.467
03M149,241,109,0.452,87,0.361,154,63.900,132,54.772
03M163,386,251,0.65,223,0.578,163,42.228,135,34.974
03M165,316,172,0.544,141,0.446,175,55.380,144,45.570
03M166,588,495,0.842,464,0.789,124,21.088,93,15.816
03M180,339,188,0.555,155,0.457,184,54.277,151,44.543
03M185,234,92,0.393,76,0.325,158,67.521,142,60.684
03M191,439,205,0.467,159,0.362,280,63.781,234,53.303
03M199,549,465,0.847,443,0.807,106,19.308,84,15.301
03M241,94,31,0.33,27,0.287,67,71.277,63,67.021
03M242,115,46,0.4,31,0.27,84,73.043,69,60.000
03M243,259,221,0.853,215,0.83,44,16.988,38,14.672
03M245,368,309,0.84,287,0.78,81,22.011,59,16.033
03M247,207,160,0.773,151,0.729,56,27.053,47,22.705
03M250,95,56,0.589,46,0.484,49,51.579,39,41.053
03M256,152,110,0.724,100,0.658,52,34.211,42,27.632
03M258,173,126,0.728,116,0.671,57,32.948,47,27.168
03M291,714,634,0.888,598,0.838,116,16.246,80,11.204
03M299,120,85,0.708,73,0.608,47,39.167,35,29.167
03M307,359,274,0.763,244,0.68,115,32.033,85,23.677
03M333,499,376,0.754,364,0.729,135,27.054,123,24.649
03M334,509,455,0.894,428,0.841,81,15.914,54,10.609
03M402,258,202,0.783,183,0.709,75,29.070,56,21.705
03M403,414,302,0.729,266,0.643,148,35.749,112,27.053
03M404,105,60,0.571,37,0.352,68,64.762,45,42.857
03M415,381,260,0.682,229,0.601,152,39.895,121,31.759
03M417,403,362,0.898,346,0.859,57,14.144,41,10.174
03M421,157,87,0.554,76,0.484,81,51.592,70,44.586
03M452,310,228,0.735,208,0.671,102,32.903,82,26.452
03M479,1496,1386,0.926,1333,0.891,163,10.896,110,7.353
03M485,2350,2114,0.9,2019,0.859,331,14.085,236,10.043
03M492,396,288,0.727,251,0.634,145,36.616,108,27.273
03M494,439,315,0.718,287,0.654,152,34.624,124,28.246
03M505,197,106,0.538,68,0.345,129,65.482,91,46.193
03M541,434,392,0.903,376,0.866,58,13.364,42,9.677
03M859,294,258,0.878,242,0.823,52,17.687,36,12.245
03M860,351,208,0.593,179,0.51,172,49.003,143,40.741
03M862,360,270,0.75,253,0.703,107,29.722,90,25.000
04M007,285,123,0.432,95,0.333,190,66.667,162,56.842
04M012,534,445,0.833,410,0.768,124,23.221,89,16.667
04M037,188,79,0.42,59,0.314,129,68.617,109,57.979
04M038,147,35,0.238,25,0.17,122,82.993,112,76.190
04M057,534,278,0.521,230,0.431,304,56.929,256,47.940
04M072,515,265,0.515,207,0.402,308,59.806,250,48.544
04M083,305,125,0.41,103,0.338,202,66.230,180,59.016
04M096,334,171,0.512,128,0.383,206,61.677,163,48.802
04M102,136,68,0.5,49,0.36,87,63.971,68,50.000
04M108,345,157,0.455,123,0.357,222,64.348,188,54.493
04M112,185,90,0.486,71,0.384,114,61.622,95,51.351
04M146,283,92,0.325,67,0.237,216,76.325,191,67.491
04M155,182,46,0.253,34,0.187,148,81.319,136,74.725
04M171,679,364,0.536,329,0.485,350,51.546,315,46.392
04M182,221,114,0.516,96,0.434,125,56.561,107,48.416
04M206,450,276,0.613,239,0.531,211,46.889,174,38.667
04M224,178,129,0.725,114,0.64,64,35.955,49,27.528
04M310,129,86,0.667,65,0.504,64,49.612,43,33.333
04M372,465,315,0.677,274,0.589,191,41.075,150,32.258
04M375,170,49,0.288,33,0.194,137,80.588,121,71.176
04M377,184,107,0.582,84,0.457,100,54.348,77,41.848
04M435,1547,1355,0.876,1286,0.831,261,16.871,192,12.411
04M495,358,308,0.86,296,0.827,62,17.318,50,13.966
04M497,132,81,0.614,74,0.561,58,43.939,51,38.636
04M555,503,449,0.893,427,0.849,76,15.109,54,10.736
04M610,454,372,0.819,348,0.767,106,23.348,82,18.062
04M680,301,206,0.684,193,0.641,108,35.880,95,31.561
04M825,310,189,0.61,169,0.545,141,45.484,121,39.032
04M964,366,235,0.642,185,0.505,181,49.454,131,35.792
05M030,148,63,0.426,45,0.304,103,69.595,85,57.432
05M036,228,84,0.368,61,0.268,167,73.246,144,63.158
05M046,440,166,0.377,119,0.27,321,72.955,274,62.273
05M092,191,57,0.298,38,0.199,153,80.105,134,70.157
05M123,372,161,0.433,98,0.263,274,73.656,211,56.720
05M125,250,152,0.608,133,0.532,117,46.800,98,39.200
05M129,199,82,0.412,66,0.332,133,66.834,117,58.794
05M133,167,71,0.425,52,0.311,115,68.862,96,57.485
05M148,250,142,0.568,118,0.472,132,52.800,108,43.200
05M154,180,68,0.378,52,0.289,128,71.111,112,62.222
05M157,176,97,0.551,82,0.466,94,53.409,79,44.886
05M161,615,302,0.491,219,0.356,396,64.390,313,50.894
05M175,248,91,0.367,59,0.238,189,76.210,157,63.306
05M194,155,46,0.297,33,0.213,122,78.710,109,70.323
05M197,186,61,0.328,37,0.199,149,80.108,125,67.204
05M200,254,78,0.307,52,0.205,202,79.528,176,69.291
05M285,160,84,0.525,59,0.369,101,63.125,76,47.500
05M286,78,34,0.436,29,0.372,49,62.821,44,56.410
05M304,194,120,0.619,105,0.541,89,45.876,74,38.144
05M318,177,67,0.379,54,0.305,123,69.492,110,62.147
05M362,647,570,0.881,552,0.853,95,14.683,77,11.901
05M369,318,200,0.629,172,0.541,146,45.912,118,37.107
05M371,118,47,0.398,34,0.288,84,71.186,71,60.169
05M499,872,552,0.633,476,0.546,396,45.413,320,36.697
05M514,100,51,0.51,42,0.42,58,58.000,49,49.000
05M517,316,196,0.62,168,0.532,148,46.835,120,37.975
05M670,506,319,0.63,267,0.528,239,47.233,187,36.957
05M692,519,489,0.942,483,0.931,36,6.936,30,5.780
06M004,390,152,0.39,112,0.287,278,71.282,238,61.026
06M005,399,171,0.429,145,0.363,254,63.659,228,57.143
06M008,318,152,0.478,127,0.399,191,60.063,166,52.201
06M018,284,156,0.549,110,0.387,174,61.268,128,45.070
06M028,391,150,0.384,110,0.281,281,71.867,241,61.637
06M048,298,118,0.396,94,0.315,204,68.456,180,60.403
06M052,192,134,0.698,120,0.625,72,37.500,58,30.208
06M098,248,85,0.343,59,0.238,189,76.210,163,65.726
06M103,407,249,0.612,209,0.514,198,48.649,158,38.821
06M115,361,147,0.407,110,0.305,251,69.529,214,59.280
06M128,445,205,0.461,163,0.366,282,63.371,240,53.933
06M132,156,52,0.333,33,0.212,123,78.846,104,66.667
06M143,206,129,0.626,103,0.5,103,50.000,77,37.379
06M152,414,152,0.367,110,0.266,304,73.430,262,63.285
06M153,340,123,0.362,98,0.288,242,71.176,217,63.824
06M173,322,109,0.339,84,0.261,238,73.913,213,66.149
06M178,254,128,0.504,109,0.429,145,57.087,126,49.606
06M187,729,514,0.705,472,0.647,257,35.254,215,29.492
06M189,439,165,0.376,109,0.248,330,75.171,274,62.415
06M192,252,89,0.353,66,0.262,186,73.810,163,64.683
06M209,314,234,0.745,205,0.653,109,34.713,80,25.478
06M210,397,203,0.511,155,0.39,242,60.957,194,48.866
06M211,403,314,0.779,273,0.677,130,32.258,89,22.084
06M223,248,187,0.754,173,0.698,75,30.242,61,24.597
06M278,407,235,0.577,211,0.518,196,48.157,172,42.260
06M293,580,474,0.817,439,0.757,141,24.310,106,18.276
06M311,393,215,0.547,191,0.486,202,51.399,178,45.293
06M314,241,182,0.755,170,0.705,71,29.461,59,24.481
06M319,276,185,0.67,162,0.587,114,41.304,91,32.971
06M322,268,159,0.593,133,0.496,135,50.373,109,40.672
06M324,274,181,0.661,153,0.558,121,44.161,93,33.942
06M328,148,96,0.649,91,0.615,57,38.514,52,35.135
06M346,628,452,0.72,408,0.65,220,35.032,176,28.025
06M348,905,608,0.672,546,0.603,359,39.669,297,32.818
06M349,77,52,0.675,36,0.468,41,53.247,25,32.468
06M366,463,241,0.521,206,0.445,257,55.508,222,47.948
06M368,180,100,0.556,87,0.483,93,51.667,80,44.444
06M423,147,92,0.626,70,0.476,77,52.381,55,37.415
06M462,286,205,0.717,178,0.622,108,37.762,81,28.322
06M463,326,215,0.66,188,0.577,138,42.331,111,34.049
06M467,373,259,0.694,223,0.598,150,40.214,114,30.563
06M468,367,259,0.706,235,0.64,132,35.967,108,29.428
06M513,181,119,0.657,99,0.547,82,45.304,62,34.254
06M528,236,138,0.585,107,0.453,129,54.661,98,41.525
06M540,1404,1086,0.774,958,0.682,446,31.766,318,22.650
06M552,535,382,0.714,326,0.609,209,39.065,153,28.598
07X001,423,147,0.348,100,0.236,323,76.359,276,65.248
07X005,543,240,0.442,175,0.322,368,67.772,303,55.801
07X018,356,121,0.34,86,0.242,270,75.843,235,66.011
07X025,449,162,0.361,106,0.236,343,76.392,287,63.920
07X029,684,258,0.377,189,0.276,495,72.368,426,62.281
07X030,389,117,0.301,83,0.213,306,78.663,272,69.923
07X031,614,268,0.436,208,0.339,406,66.124,346,56.352
07X043,270,101,0.374,60,0.222,210,77.778,169,62.593
07X049,486,152,0.313,108,0.222,378,77.778,334,68.724
07X065,225,71,0.316,42,0.187,183,81.333,154,68.444
07X154,229,80,0.349,62,0.271,167,72.926,149,65.066
07X157,449,142,0.316,95,0.212,354,78.842,307,68.374
07X161,294,113,0.384,69,0.235,225,76.531,181,61.565
07X179,196,62,0.316,36,0.184,160,81.633,134,68.367
07X221,627,434,0.692,371,0.592,256,40.829,193,30.781
07X223,642,482,0.751,438,0.682,204,31.776,160,24.922
07X224,232,134,0.578,109,0.47,123,53.017,98,42.241
07X259,649,453,0.698,399,0.615,250,38.521,196,30.200
07X277,274,93,0.339,48,0.175,226,82.482,181,66.058
07X296,221,119,0.538,96,0.434,125,56.561,102,46.154
07X298,164,99,0.604,81,0.494,83,50.610,65,39.634
07X334,361,246,0.681,200,0.554,161,44.598,115,31.856
07X343,292,171,0.586,148,0.507,144,49.315,121,41.438
07X359,208,79,0.38,55,0.264,153,73.558,129,62.019
07X369,193,72,0.373,46,0.238,147,76.166,121,62.694
07X379,170,69,0.406,53,0.312,117,68.824,101,59.412
07X381,97,46,0.474,24,0.247,73,75.258,51,52.577
07X427,283,203,0.717,178,0.629,105,37.102,80,28.269
07X473,193,121,0.627,101,0.523,92,47.668,72,37.306
07X495,565,486,0.86,454,0.804,111,19.646,79,13.982
07X500,535,408,0.763,368,0.688,167,31.215,127,23.738
07X522,249,162,0.651,132,0.53,117,46.988,87,34.940
07X527,443,316,0.713,266,0.6,177,39.955,127,28.668
07X548,487,320,0.657,257,0.528,230,47.228,167,34.292
07X551,527,305,0.579,260,0.493,267,50.664,222,42.125
07X557,226,130,0.575,99,0.438,127,56.195,96,42.478
07X584,223,125,0.561,100,0.448,123,55.157,98,43.946
07X600,426,294,0.69,263,0.617,163,38.263,132,30.986
07X625,113,82,0.726,74,0.655,39,34.513,31,27.434
07X670,286,200,0.699,170,0.594,116,40.559,86,30.070
08X014,547,166,0.303,124,0.227,423,77.331,381,69.653
08X036,678,304,0.448,231,0.341,447,65.929,374,55.162
08X048,431,145,0.336,96,0.223,335,77.726,286,66.357
08X062,450,162,0.36,111,0.247,339,75.333,288,64.000
08X069,486,173,0.356,107,0.22,379,77.984,313,64.403
08X071,1254,531,0.423,450,0.359,804,64.115,723,57.656
08X072,580,214,0.369,172,0.297,408,70.345,366,63.103
08X075,414,159,0.384,114,0.275,300,72.464,255,61.594
08X093,267,85,0.318,57,0.213,210,78.652,182,68.165
08X100,401,162,0.404,115,0.287,286,71.322,239,59.601
08X101,533,326,0.612,295,0.553,238,44.653,207,38.837
08X107,448,146,0.326,98,0.219,350,78.125,302,67.411
08X119,546,253,0.463,190,0.348,356,65.201,293,53.663
08X123,547,323,0.59,275,0.503,272,49.726,224,40.951
08X130,286,96,0.336,73,0.255,213,74.476,190,66.434
08X131,345,194,0.562,158,0.458,187,54.203,151,43.768
08X138,472,165,0.35,122,0.258,350,74.153,307,65.042
08X140,380,175,0.461,135,0.355,245,64.474,205,53.947
08X146,321,135,0.421,89,0.277,232,72.274,186,57.944
08X152,666,265,0.398,206,0.309,460,69.069,401,60.210
08X182,457,163,0.357,105,0.23,352,77.024,294,64.333
08X269,616,435,0.706,383,0.622,233,37.825,181,29.383
08X282,194,105,0.541,93,0.479,101,52.062,89,45.876
08X293,411,273,0.664,243,0.591,168,40.876,138,33.577
08X301,174,96,0.552,82,0.471,92,52.874,78,44.828
08X302,398,221,0.555,186,0.467,212,53.266,177,44.472
08X304,464,183,0.394,144,0.31,320,68.966,281,60.560
08X312,381,264,0.693,233,0.612,148,38.845,117,30.709
08X320,322,221,0.686,195,0.606,127,39.441,101,31.366
08X333,492,190,0.386,138,0.28,354,71.951,302,61.382
08X337,437,280,0.641,243,0.556,194,44.394,157,35.927
08X348,347,210,0.605,185,0.533,162,46.686,137,39.481
08X349,420,308,0.733,272,0.648,148,35.238,112,26.667
08X367,552,346,0.627,297,0.538,255,46.196,206,37.319
08X371,356,219,0.615,191,0.537,165,46.348,137,38.483
08X375,192,85,0.443,65,0.339,127,66.146,107,55.729
08X376,404,252,0.624,208,0.515,196,48.515,152,37.624
08X377,91,44,0.484,30,0.33,61,67.033,47,51.648
08X392,371,135,0.364,98,0.264,273,73.585,236,63.612
08X405,1008,698,0.692,610,0.605,398,39.484,310,30.754
08X424,284,162,0.57,126,0.444,158,55.634,122,42.958
08X432,323,220,0.681,182,0.563,141,43.653,103,31.889
08X448,346,204,0.59,168,0.486,178,51.445,142,41.040
08X452,304,180,0.592,142,0.467,162,53.289,124,40.789
08X467,349,175,0.501,143,0.41,206,59.026,174,49.857
08X530,347,254,0.732,222,0.64,125,36.023,93,26.801
08X537,157,72,0.459,42,0.268,115,73.248,85,54.140
08X558,451,324,0.718,290,0.643,161,35.698,127,28.160
08X561,378,237,0.627,195,0.516,183,48.413,141,37.302
08X562,530,339,0.64,293,0.553,237,44.717,191,36.038
08X583,318,148,0.465,118,0.371,200,62.893,170,53.459
09X004,332,118,0.355,82,0.247,250,75.301,214,64.458
09X011,397,125,0.315,90,0.227,307,77.330,272,68.514
09X022,318,176,0.553,140,0.44,178,55.975,142,44.654
09X028,562,231,0.411,175,0.311,387,68.861,331,58.897
09X035,451,190,0.421,127,0.282,324,71.840,261,57.871
09X042,298,108,0.362,69,0.232,229,76.846,190,63.758
09X053,642,213,0.332,141,0.22,501,78.037,429,66.822
09X055,446,130,0.291,93,0.209,353,79.148,316,70.852
09X058,299,107,0.358,55,0.184,244,81.605,192,64.214
09X063,379,109,0.288,72,0.19,307,81.003,270,71.240
09X070,782,291,0.372,205,0.262,577,73.785,491,62.788
09X073,289,102,0.353,72,0.249,217,75.087,187,64.706
09X088,92,22,0.239,17,0.185,75,81.522,70,76.087
09X109,405,129,0.319,93,0.23,312,77.037,276,68.148
09X110,316,97,0.307,70,0.222,246,77.848,219,69.304
09X114,483,190,0.393,121,0.251,362,74.948,293,60.663
09X117,400,243,0.608,208,0.52,192,48.000,157,39.250
09X126,467,153,0.328,99,0.212,368,78.801,314,67.238
09X128,316,216,0.684,186,0.589,130,41.139,100,31.646
09X132,309,79,0.256,52,0.168,257,83.172,230,74.434
09X163,269,103,0.383,65,0.242,204,75.836,166,61.710
09X170,161,49,0.304,27,0.168,134,83.230,112,69.565
09X199,493,163,0.331,110,0.223,383,77.688,330,66.937
09X204,513,205,0.4,145,0.283,368,71.735,308,60.039
09X215,277,149,0.538,125,0.451,152,54.874,128,46.209
09X218,874,480,0.549,388,0.444,486,55.606,394,45.080
09X219,249,140,0.562,115,0.462,134,53.815,109,43.775
09X227,375,288,0.768,253,0.675,122,32.533,87,23.200
09X229,181,84,0.464,70,0.387,111,61.326,97,53.591
09X231,460,303,0.659,260,0.565,200,43.478,157,34.130
09X232,327,189,0.578,151,0.462,176,53.823,138,42.202
09X236,215,75,0.349,51,0.237,164,76.279,140,65.116
09X241,586,399,0.681,337,0.575,249,42.491,187,31.911
09X250,371,283,0.763,255,0.687,116,31.267,88,23.720
09X252,323,230,0.712,211,0.653,112,34.675,93,28.793
09X260,396,307,0.775,278,0.702,118,29.798,89,22.475
09X263,272,200,0.735,175,0.643,97,35.662,72,26.471
09X274,415,135,0.325,90,0.217,325,78.313,280,67.470
09X294,419,128,0.305,86,0.205,333,79.475,291,69.451
09X297,449,320,0.713,279,0.621,170,37.862,129,28.731
09X303,311,198,0.637,162,0.521,149,47.910,113,36.334
09X311,273,127,0.465,84,0.308,189,69.231,146,53.480
09X313,214,118,0.551,100,0.467,114,53.271,96,44.860
09X323,313,175,0.559,145,0.463,168,53.674,138,44.089
09X324,401,278,0.693,254,0.633,147,36.658,123,30.673
09X327,658,485,0.737,440,0.669,218,33.131,173,26.292
09X328,225,128,0.569,107,0.476,118,52.444,97,43.111
09X329,319,203,0.636,175,0.549,144,45.141,116,36.364
09X339,223,131,0.587,110,0.493,113,50.673,92,41.256
09X350,131,76,0.58,64,0.489,67,51.145,55,41.985
09X361,371,238,0.642,188,0.507,183,49.326,133,35.849
09X365,381,273,0.717,235,0.617,146,38.320,108,28.346
09X403,340,232,0.682,196,0.576,144,42.353,108,31.765
09X404,118,67,0.568,55,0.466,63,53.390,51,43.220
09X412,291,204,0.701,169,0.581,122,41.924,87,29.897
09X413,465,342,0.735,303,0.652,162,34.839,123,26.452
09X443,383,117,0.305,86,0.225,297,77.546,266,69.452
09X449,351,136,0.387,103,0.293,248,70.655,215,61.254
09X454,368,226,0.614,201,0.546,167,45.380,142,38.587
09X457,405,165,0.407,101,0.249,304,75.062,240,59.259
09X505,724,531,0.733,476,0.657,248,34.254,193,26.657
09X517,254,169,0.665,131,0.516,123,48.425,85,33.465
09X525,343,243,0.708,202,0.589,141,41.108,100,29.155
09X543,164,108,0.659,89,0.543,75,45.732,56,34.146
09X555,375,147,0.392,122,0.325,253,67.467,228,60.800
09X564,357,233,0.653,186,0.521,171,47.899,124,34.734
09X568,529,406,0.767,365,0.69,164,31.002,123,23.251
09X593,148,99,0.669,84,0.568,64,43.243,49,33.108
09X594,199,110,0.553,92,0.462,107,53.769,89,44.724
10X003,274,134,0.489,115,0.42,159,58.029,140,51.095
10X007,423,166,0.392,122,0.288,301,71.158,257,60.757
10X008,706,278,0.394,217,0.307,489,69.263,428,60.623
10X009,615,224,0.364,161,0.262,454,73.821,391,63.577
10X015,401,214,0.534,175,0.436,226,56.359,187,46.633
10X020,789,352,0.446,271,0.343,518,65.653,437,55.387
10X023,341,123,0.361,90,0.264,251,73.607,218,63.930
10X024,719,471,0.655,421,0.586,298,41.446,248,34.492
10X032,587,223,0.38,158,0.269,429,73.083,364,62.010
10X033,707,276,0.39,181,0.256,526,74.399,431,60.962
10X037,496,217,0.438,170,0.343,326,65.726,279,56.250
10X045,561,338,0.602,299,0.533,262,46.702,223,39.750
10X046,665,275,0.414,196,0.295,469,70.526,390,58.647
10X051,126,50,0.397,34,0.27,92,73.016,76,60.317
10X054,346,119,0.344,82,0.237,264,76.301,227,65.607
10X056,617,267,0.433,215,0.348,402,65.154,350,56.726
10X059,413,135,0.327,88,0.213,325,78.692,278,67.312
10X077,481,206,0.428,157,0.326,324,67.360,275,57.173
10X080,570,300,0.526,246,0.432,324,56.842,270,47.368
10X081,683,376,0.551,320,0.469,363,53.148,307,44.949
10X085,667,290,0.435,210,0.315,457,68.516,377,56.522
10X086,1329,472,0.355,347,0.261,982,73.890,857,64.485
10X091,444,162,0.365,111,0.25,333,75.000,282,63.514
10X094,922,361,0.392,265,0.287,657,71.258,561,60.846
10X095,981,462,0.471,380,0.387,601,61.264,519,52.905
10X118,770,529,0.687,459,0.596,311,40.390,241,31.299
10X141,1423,1051,0.739,976,0.686,447,31.413,372,26.142
10X159,154,58,0.377,41,0.266,113,73.377,96,62.338
10X205,693,267,0.385,205,0.296,488,70.418,426,61.472
10X206,207,118,0.57,92,0.444,115,55.556,89,42.995
10X207,323,90,0.279,66,0.204,257,79.567,233,72.136
10X209,195,49,0.251,38,0.195,157,80.513,146,74.872
10X213,384,268,0.698,232,0.604,152,39.583,116,30.208
10X225,533,365,0.685,324,0.608,209,39.212,168,31.520
10X226,314,94,0.299,66,0.21,248,78.981,220,70.064
10X228,264,185,0.701,170,0.644,94,35.606,79,29.924
10X237,307,217,0.707,189,0.616,118,38.436,90,29.316
10X243,646,449,0.695,407,0.63,239,36.997,197,30.495
10X244,637,417,0.655,346,0.543,291,45.683,220,34.537
10X246,541,195,0.36,142,0.262,399,73.752,346,63.956
10X254,452,267,0.591,225,0.498,227,50.221,185,40.929
10X264,423,299,0.707,270,0.638,153,36.170,124,29.314
10X268,276,171,0.62,138,0.5,138,50.000,105,38.043
10X279,775,359,0.463,281,0.363,494,63.742,416,53.677
10X280,725,315,0.434,250,0.345,475,65.517,410,56.552
10X284,321,210,0.654,175,0.545,146,45.483,111,34.579
10X291,451,171,0.379,105,0.233,346,76.718,280,62.084
10X306,493,163,0.331,127,0.258,366,74.239,330,66.937
10X307,252,122,0.484,84,0.333,168,66.667,130,51.587
10X308,249,149,0.598,127,0.51,122,48.996,100,40.161
10X310,481,154,0.32,100,0.208,381,79.210,327,67.983
10X315,196,104,0.531,84,0.429,112,57.143,92,46.939
10X319,138,59,0.428,31,0.225,107,77.536,79,57.246
10X331,401,218,0.544,184,0.459,217,54.115,183,45.636
10X340,449,161,0.359,122,0.272,327,72.829,288,64.143
10X342,475,342,0.72,285,0.6,190,40.000,133,28.000
10X344,306,150,0.49,129,0.422,177,57.843,156,50.980
10X351,501,340,0.679,296,0.591,205,40.918,161,32.136
10X353,591,467,0.79,428,0.724,163,27.580,124,20.981
10X360,316,97,0.307,59,0.187,257,81.329,219,69.304
10X363,719,462,0.643,404,0.562,315,43.811,257,35.744
10X368,937,685,0.731,599,0.639,338,36.073,252,26.894
10X374,376,282,0.75,246,0.654,130,34.574,94,25.000
10X382,238,84,0.353,56,0.235,182,76.471,154,64.706
10X386,395,152,0.385,112,0.284,283,71.646,243,61.519
10X390,471,282,0.599,243,0.516,228,48.408,189,40.127
10X391,365,202,0.553,164,0.449,201,55.068,163,44.658
10X396,212,85,0.401,59,0.278,153,72.170,127,59.906
10X397,270,181,0.67,144,0.533,126,46.667,89,32.963
10X433,387,282,0.729,241,0.623,146,37.726,105,27.132
10X434,387,297,0.767,276,0.713,111,28.682,90,23.256
10X437,389,300,0.771,273,0.702,116,29.820,89,22.879
10X438,396,290,0.732,261,0.659,135,34.091,106,26.768
10X439,395,293,0.742,263,0.666,132,33.418,102,25.823
10X440,997,721,0.723,657,0.659,340,34.102,276,27.683
10X442,424,356,0.84,333,0.785,91,21.462,68,16.038
10X445,2974,2809,0.945,2750,0.925,224,7.532,165,5.548
10X447,436,280,0.642,241,0.553,195,44.725,156,35.780
10X477,436,350,0.803,323,0.741,113,25.917,86,19.725
10X524,324,219,0.676,173,0.534,151,46.605,105,32.407
10X546,256,167,0.652,139,0.543,117,45.703,89,34.766
10X549,410,309,0.754,278,0.678,132,32.195,101,24.634
10X565,416,284,0.683,236,0.567,180,43.269,132,31.731
10X696,405,375,0.926,363,0.896,42,10.370,30,7.407
11X016,254,107,0.421,79,0.311,175,68.898,147,57.874
11X019,577,259,0.449,218,0.378,359,62.218,318,55.113
11X021,504,166,0.329,120,0.238,384,76.190,338,67.063
11X041,651,225,0.346,156,0.24,495,76.037,426,65.438
11X068,431,149,0.346,107,0.248,324,75.174,282,65.429
11X076,690,240,0.348,166,0.241,524,75.942,450,65.217
11X078,580,197,0.34,150,0.259,430,74.138,383,66.034
11X083,1635,586,0.358,474,0.29,1161,71.009,1049,64.159
11X087,345,111,0.322,84,0.243,261,75.652,234,67.826
11X089,1241,536,0.432,413,0.333,828,66.720,705,56.809
11X096,791,226,0.286,163,0.206,628,79.393,565,71.429
11X097,471,195,0.414,161,0.342,310,65.817,276,58.599
11X103,740,275,0.372,196,0.265,544,73.514,465,62.838
11X105,700,244,0.349,182,0.26,518,74.000,456,65.143
11X106,845,451,0.534,374,0.443,471,55.740,394,46.627
11X108,499,169,0.339,139,0.279,360,72.144,330,66.132
11X111,441,164,0.372,113,0.256,328,74.376,277,62.812
11X112,334,98,0.293,69,0.207,265,79.341,236,70.659
11X121,548,210,0.383,154,0.281,394,71.898,338,61.679
11X127,808,550,0.681,486,0.601,322,39.851,258,31.931
11X144,415,222,0.535,179,0.431,236,56.867,193,46.506
11X153,451,236,0.523,195,0.432,256,56.763,215,47.672
11X160,300,122,0.407,100,0.333,200,66.667,178,59.333
11X169,296,105,0.355,68,0.23,228,77.027,191,64.527
11X175,240,117,0.488,91,0.379,149,62.083,123,51.250
11X178,300,130,0.433,103,0.343,197,65.667,170,56.667
11X180,838,535,0.638,465,0.555,373,44.511,303,36.158
11X181,733,483,0.659,432,0.589,301,41.064,250,34.106
11X189,264,93,0.352,67,0.254,197,74.621,171,64.773
11X194,1142,636,0.557,551,0.482,591,51.751,506,44.308
11X249,342,251,0.734,222,0.649,120,35.088,91,26.608
11X253,219,130,0.594,104,0.475,115,52.511,89,40.639
11X265,261,167,0.64,148,0.567,113,43.295,94,36.015
11X270,387,241,0.623,216,0.558,171,44.186,146,37.726
11X275,482,339,0.703,305,0.633,177,36.722,143,29.668
11X287,377,186,0.493,140,0.371,237,62.865,191,50.663
11X288,566,413,0.73,363,0.641,203,35.866,153,27.032
11X290,356,232,0.652,194,0.545,162,45.506,124,34.831
11X299,443,319,0.72,291,0.657,152,34.312,124,27.991
11X326,365,196,0.537,161,0.441,204,55.890,169,46.301
11X355,259,138,0.533,111,0.429,148,57.143,121,46.718
11X357,335,137,0.409,113,0.337,222,66.269,198,59.104
11X370,403,197,0.489,167,0.414,236,58.561,206,51.117
11X418,419,264,0.63,233,0.556,186,44.391,155,36.993
11X455,2085,1462,0.701,1316,0.631,769,36.882,623,29.880
11X462,202,117,0.579,106,0.525,96,47.525,85,42.079
11X468,280,154,0.55,131,0.468,149,53.214,126,45.000
11X481,280,78,0.279,52,0.186,228,81.429,202,72.143
11X483,240,78,0.325,57,0.238,183,76.250,162,67.500
11X498,578,273,0.472,238,0.412,340,58.824,305,52.768
11X508,399,274,0.687,239,0.599,160,40.100,125,31.328
11X509,341,204,0.598,170,0.499,171,50.147,137,40.176
11X513,314,196,0.624,166,0.529,148,47.134,118,37.580
11X514,340,201,0.591,169,0.497,171,50.294,139,40.882
11X529,320,210,0.656,185,0.578,135,42.188,110,34.375
11X532,286,165,0.577,142,0.497,144,50.350,121,42.308
11X542,488,362,0.742,321,0.658,167,34.221,126,25.820
11X544,268,172,0.642,141,0.526,127,47.388,96,35.821
11X545,177,108,0.61,88,0.497,89,50.282,69,38.983
11X556,396,199,0.503,163,0.412,233,58.838,197,49.747
11X566,338,174,0.515,143,0.423,195,57.692,164,48.521
11X567,344,143,0.416,114,0.331,230,66.860,201,58.430
12X006,419,140,0.334,93,0.222,326,77.804,279,66.587
12X044,199,68,0.342,47,0.236,152,76.382,131,65.829
12X047,836,317,0.379,223,0.267,613,73.325,519,62.081
12X057,387,150,0.388,109,0.282,278,71.835,237,61.240
12X061,210,76,0.362,51,0.243,159,75.714,134,63.810
12X066,423,123,0.291,70,0.165,353,83.452,300,70.922
12X067,325,121,0.372,76,0.234,249,76.615,204,62.769
12X098,162,102,0.63,88,0.543,74,45.679,60,37.037
12X129,383,223,0.582,177,0.462,206,53.786,160,41.775
12X134,412,129,0.313,68,0.165,344,83.495,283,68.689
12X150,520,189,0.363,124,0.238,396,76.154,331,63.654
12X190,239,144,0.603,116,0.485,123,51.464,95,39.749
12X195,757,261,0.345,176,0.232,581,76.750,496,65.522
12X196,661,291,0.44,207,0.313,454,68.684,370,55.976
12X211,387,188,0.486,149,0.385,238,61.499,199,51.421
12X214,901,401,0.445,313,0.347,588,65.261,500,55.494
12X217,260,148,0.569,120,0.462,140,53.846,112,43.077
12X242,667,496,0.744,459,0.688,208,31.184,171,25.637
12X248,155,109,0.703,95,0.613,60,38.710,46,29.677
12X251,313,209,0.668,187,0.597,126,40.256,104,33.227
12X267,514,384,0.747,339,0.66,175,34.047,130,25.292
12X271,562,388,0.69,333,0.593,229,40.747,174,30.961
12X273,233,121,0.519,92,0.395,141,60.515,112,48.069
12X286,264,142,0.538,115,0.436,149,56.439,122,46.212
12X300,437,145,0.332,82,0.188,355,81.236,292,66.819
12X314,192,61,0.318,38,0.198,154,80.208,131,68.229
12X316,313,192,0.613,165,0.527,148,47.284,121,38.658
12X318,170,104,0.612,85,0.5,85,50.000,66,38.824
12X341,287,159,0.554,132,0.46,155,54.007,128,44.599
12X383,365,226,0.619,196,0.537,169,46.301,139,38.082
12X388,339,250,0.737,211,0.622,128,37.758,89,26.254
12X446,165,91,0.552,67,0.406,98,59.394,74,44.848
12X458,225,95,0.422,64,0.284,161,71.556,130,57.778
12X463,331,116,0.35,84,0.254,247,74.622,215,64.955
12X478,353,279,0.79,257,0.728,96,27.195,74,20.963
12X479,272,180,0.662,152,0.559,120,44.118,92,33.824
12X480,106,44,0.415,27,0.255,79,74.528,62,58.491
12X511,335,224,0.669,192,0.573,143,42.687,111,33.134
12X521,431,304,0.705,270,0.626,161,37.355,127,29.466
12X531,321,127,0.396,95,0.296,226,70.405,194,60.436
12X536,299,128,0.428,79,0.264,220,73.579,171,57.191
12X550,312,231,0.74,200,0.641,112,35.897,81,25.962
12X595,250,79,0.316,44,0.176,206,82.400,171,68.400
12X682,450,289,0.642,254,0.564,196,43.556,161,35.778
12X684,274,164,0.599,140,0.511,134,48.905,110,40.146
12X691,279,134,0.48,93,0.333,186,66.667,145,51.971
13K003,207,84,0.406,57,0.275,150,72.464,123,59.420
13K008,569,514,0.903,479,0.842,90,15.817,55,9.666
13K009,644,439,0.682,397,0.616,247,38.354,205,31.832
13K011,754,463,0.614,414,0.549,340,45.093,291,38.594
13K020,510,340,0.667,313,0.614,197,38.627,170,33.333
13K044,104,25,0.24,15,0.144,89,85.577,79,75.962
13K046,185,56,0.303,40,0.216,145,78.378,129,69.730
13K054,138,48,0.348,35,0.254,103,74.638,90,65.217
13K056,223,129,0.578,105,0.471,118,52.915,94,42.152
13K067,182,52,0.286,35,0.192,147,80.769,130,71.429
13K093,138,31,0.225,24,0.174,114,82.609,107,77.536
13K113,266,136,0.511,111,0.417,155,58.271,130,48.872
13K133,570,373,0.654,325,0.57,245,42.982,197,34.561
13K256,197,42,0.213,28,0.142,169,85.787,155,78.680
13K265,276,148,0.536,128,0.464,148,53.623,128,46.377
13K266,109,61,0.56,49,0.45,60,55.046,48,44.037
13K270,75,27,0.36,17,0.227,58,77.333,48,64.000
13K282,418,255,0.61,235,0.562,183,43.780,163,38.995
13K287,108,26,0.241,15,0.139,93,86.111,82,75.926
13K301,76,29,0.382,23,0.303,53,69.737,47,61.842
13K307,284,122,0.43,96,0.338,188,66.197,162,57.042
13K313,264,158,0.598,143,0.542,121,45.833,106,40.152
13K350,126,80,0.635,75,0.595,51,40.476,46,36.508
13K351,193,118,0.611,105,0.544,88,45.596,75,38.860
13K412,529,314,0.594,262,0.495,267,50.473,215,40.643
13K419,508,345,0.679,319,0.628,189,37.205,163,32.087
13K430,5921,5428,0.917,5294,0.894,627,10.589,493,8.326
13K439,318,202,0.635,159,0.5,159,50.000,116,36.478
13K483,444,325,0.732,288,0.649,156,35.135,119,26.802
13K492,631,466,0.739,435,0.689,196,31.062,165,26.149
13K527,463,297,0.641,260,0.562,203,43.844,166,35.853
13K553,109,31,0.284,20,0.183,89,81.651,78,71.560
13K594,201,143,0.711,131,0.652,70,34.826,58,28.856
13K595,370,284,0.768,259,0.7,111,30.000,86,23.243
13K605,634,412,0.65,360,0.568,274,43.218,222,35.016
13K616,142,54,0.38,30,0.211,112,78.873,88,61.972
13K670,789,578,0.733,508,0.644,281,35.615,211,26.743
13K674,470,334,0.711,297,0.632,173,36.809,136,28.936
13K691,166,94,0.566,80,0.482,86,51.807,72,43.373
13K915,291,229,0.787,214,0.735,77,26.460,62,21.306
14K016,169,39,0.231,20,0.118,149,88.166,130,76.923
14K017,196,71,0.362,55,0.281,141,71.939,125,63.776
14K018,169,57,0.337,43,0.254,126,74.556,112,66.272
14K023,207,66,0.319,47,0.227,160,77.295,141,68.116
14K031,472,255,0.54,212,0.449,260,55.085,217,45.975
14K034,362,194,0.536,174,0.481,188,51.934,168,46.409
14K050,319,185,0.58,156,0.489,163,51.097,134,42.006
14K059,269,87,0.323,62,0.23,207,76.952,182,67.658
14K071,490,333,0.68,284,0.58,206,42.041,157,32.041
14K084,568,326,0.574,284,0.5,284,50.000,242,42.606
14K110,417,285,0.683,256,0.614,161,38.609,132,31.655
14K120,280,101,0.361,80,0.286,200,71.429,179,63.929
14K126,223,107,0.48,92,0.413,131,58.744,116,52.018
14K132,546,332,0.608,292,0.535,254,46.520,214,39.194
14K147,197,74,0.376,59,0.299,138,70.051,123,62.437
14K157,262,113,0.431,86,0.328,176,67.176,149,56.870
14K196,270,100,0.37,79,0.293,191,70.741,170,62.963
14K250,276,105,0.38,84,0.304,192,69.565,171,61.957
14K257,442,126,0.285,103,0.233,339,76.697,316,71.493
14K297,194,63,0.325,43,0.222,151,77.835,131,67.526
14K318,1154,852,0.738,767,0.665,387,33.536,302,26.170
14K319,72,21,0.292,13,0.181,59,81.944,51,70.833
14K380,368,124,0.337,89,0.242,279,75.815,244,66.304
14K414,509,301,0.591,255,0.501,254,49.902,208,40.864
14K449,836,750,0.897,734,0.878,102,12.201,86,10.287
14K454,386,265,0.687,237,0.614,149,38.601,121,31.347
14K474,402,283,0.704,232,0.577,170,42.289,119,29.602
14K477,417,270,0.647,226,0.542,191,45.803,147,35.252
14K478,532,373,0.701,329,0.618,203,38.158,159,29.887
14K488,538,387,0.719,343,0.638,195,36.245,151,28.067
14K558,583,416,0.714,376,0.645,207,35.506,167,28.645
14K561,659,507,0.769,464,0.704,195,29.590,152,23.065
14K577,435,253,0.582,215,0.494,220,50.575,182,41.839
14K582,321,176,0.548,152,0.474,169,52.648,145,45.171
14K586,395,245,0.62,202,0.511,193,48.861,150,37.975
14K610,343,231,0.673,209,0.609,134,39.067,112,32.653
14K614,339,233,0.687,204,0.602,135,39.823,106,31.268
14K685,210,133,0.633,113,0.538,97,46.190,77,36.667
15K001,803,360,0.448,281,0.35,522,65.006,443,55.168
15K010,825,697,0.845,648,0.785,177,21.455,128,15.515
15K015,340,167,0.491,136,0.4,204,60.000,173,50.882
15K024,481,205,0.426,161,0.335,320,66.528,276,57.380
15K029,699,612,0.876,581,0.831,118,16.881,87,12.446
15K032,393,278,0.707,257,0.654,136,34.606,115,29.262
15K038,443,277,0.625,258,0.582,185,41.761,166,37.472
15K039,341,302,0.886,279,0.818,62,18.182,39,11.437
15K051,1074,872,0.812,800,0.745,274,25.512,202,18.808
15K058,698,609,0.872,580,0.831,118,16.905,89,12.751
15K088,1135,877,0.773,802,0.707,333,29.339,258,22.731
15K094,1022,779,0.762,712,0.697,310,30.333,243,23.777
15K107,471,408,0.866,390,0.828,81,17.197,63,13.376
15K118,221,192,0.869,187,0.846,34,15.385,29,13.122
15K124,254,126,0.496,106,0.417,148,58.268,128,50.394
15K130,792,617,0.779,567,0.716,225,28.409,175,22.096
15K131,619,326,0.527,283,0.457,336,54.281,293,47.334
15K136,492,317,0.644,288,0.585,204,41.463,175,35.569
15K146,619,481,0.777,455,0.735,164,26.494,138,22.294
15K154,420,359,0.855,338,0.805,82,19.524,61,14.524
15K169,1028,699,0.68,643,0.625,385,37.451,329,32.004
15K172,494,265,0.536,217,0.439,277,56.073,229,46.356
15K230,918,557,0.607,443,0.483,475,51.743,361,39.325
15K261,595,434,0.729,399,0.671,196,32.941,161,27.059
15K295,264,173,0.655,158,0.598,106,40.152,91,34.470
15K321,1223,1134,0.927,1094,0.895,129,10.548,89,7.277
15K418,242,212,0.876,200,0.826,42,17.355,30,12.397
15K423,125,60,0.48,45,0.36,80,64.000,65,52.000
15K429,327,274,0.838,251,0.768,76,23.242,53,16.208
15K442,334,262,0.784,240,0.719,94,28.144,72,21.557
15K443,518,412,0.795,381,0.736,137,26.448,106,20.463
15K447,528,429,0.813,403,0.763,125,23.674,99,18.750
15K448,674,527,0.782,471,0.699,203,30.119,147,21.810
15K462,458,319,0.697,288,0.629,170,37.118,139,30.349
15K463,244,165,0.676,142,0.582,102,41.803,79,32.377
15K464,609,471,0.773,440,0.722,169,27.750,138,22.660
15K497,767,602,0.785,567,0.739,200,26.076,165,21.512
15K516,366,207,0.566,178,0.486,188,51.366,159,43.443
15K519,397,246,0.62,193,0.486,204,51.385,151,38.035
15K529,170,87,0.512,70,0.412,100,58.824,83,48.824
15K592,160,71,0.444,60,0.375,100,62.500,89,55.625
15K656,950,731,0.769,686,0.722,264,27.789,219,23.053
15K667,1359,1047,0.77,965,0.71,394,28.992,312,22.958
15K676,87,25,0.287,19,0.218,68,78.161,62,71.264
15K684,669,599,0.895,586,0.876,83,12.407,70,10.463
15K698,173,77,0.445,56,0.324,117,67.630,96,55.491
15K821,467,344,0.737,305,0.653,162,34.690,123,26.338
15K839,357,285,0.798,262,0.734,95,26.611,72,20.168
15K896,152,99,0.651,83,0.546,69,45.395,53,34.868
16K005,178,61,0.343,42,0.236,136,76.404,117,65.730
16K021,408,130,0.319,91,0.223,317,77.696,278,68.137
16K025,65,12,0.185,9,0.138,56,86.154,53,81.538
16K026,166,59,0.355,47,0.283,119,71.687,107,64.458
16K035,173,80,0.462,67,0.387,106,61.272,93,53.757
16K040,375,101,0.269,72,0.192,303,80.800,274,73.067
16K057,105,50,0.476,39,0.371,66,62.857,55,52.381
16K081,193,66,0.342,50,0.259,143,74.093,127,65.803
16K243,177,52,0.294,40,0.226,137,77.401,125,70.621
16K262,123,24,0.195,19,0.154,104,84.553,99,80.488
16K267,171,88,0.515,71,0.415,100,58.480,83,48.538
16K308,203,75,0.369,45,0.222,158,77.833,128,63.054
16K309,142,46,0.324,33,0.232,109,76.761,96,67.606
16K335,164,48,0.293,37,0.226,127,77.439,116,70.732
16K455,427,241,0.564,194,0.454,233,54.567,186,43.560
16K498,564,371,0.658,317,0.562,247,43.794,193,34.220
16K627,226,85,0.376,69,0.305,157,69.469,141,62.389
16K628,269,133,0.494,116,0.431,153,56.877,136,50.558
16K669,221,90,0.407,56,0.253,165,74.661,131,59.276
16K681,214,116,0.542,98,0.458,116,54.206,98,45.794
16K688,159,105,0.66,88,0.553,71,44.654,54,33.962
16K765,144,76,0.528,59,0.41,85,59.028,68,47.222
16K898,155,89,0.574,75,0.484,80,51.613,66,42.581
17K002,359,191,0.532,163,0.454,196,54.596,168,46.797
17K006,577,167,0.289,115,0.199,462,80.069,410,71.057
17K012,173,46,0.266,30,0.173,143,82.659,127,73.410
17K061,446,221,0.496,179,0.401,267,59.865,225,50.448
17K091,155,48,0.31,34,0.219,121,78.065,107,69.032
17K092,287,73,0.254,41,0.143,246,85.714,214,74.564
17K122,497,311,0.626,269,0.541,228,45.875,186,37.425
17K138,424,180,0.425,150,0.354,274,64.623,244,57.547
17K161,267,59,0.221,43,0.161,224,83.895,208,77.903
17K181,540,161,0.298,126,0.233,414,76.667,379,70.185
17K189,888,300,0.338,238,0.268,650,73.198,588,66.216
17K191,137,44,0.321,25,0.182,112,81.752,93,67.883
17K221,144,36,0.25,24,0.167,120,83.333,108,75.000
17K241,315,128,0.406,104,0.33,211,66.984,187,59.365
17K246,319,157,0.492,119,0.373,200,62.696,162,50.784
17K249,706,281,0.398,217,0.307,489,69.263,425,60.198
17K289,239,69,0.289,59,0.247,180,75.314,170,71.130
17K316,506,259,0.512,216,0.427,290,57.312,247,48.814
17K340,179,92,0.514,85,0.475,94,52.514,87,48.603
17K352,128,54,0.422,45,0.352,83,64.844,74,57.812
17K353,137,80,0.584,69,0.504,68,49.635,57,41.606
17K354,267,132,0.494,110,0.412,157,58.801,135,50.562
17K375,217,64,0.295,53,0.244,164,75.576,153,70.507
17K382,341,211,0.619,178,0.522,163,47.801,130,38.123
17K394,240,95,0.396,77,0.321,163,67.917,145,60.417
17K397,152,31,0.204,25,0.164,127,83.553,121,79.605
17K398,216,55,0.255,37,0.171,179,82.870,161,74.537
17K399,137,31,0.226,25,0.182,112,81.752,106,77.372
17K408,318,191,0.601,155,0.487,163,51.258,127,39.937
17K484,159,72,0.453,57,0.358,102,64.151,87,54.717
17K524,298,185,0.621,146,0.49,152,51.007,113,37.919
17K528,227,153,0.674,137,0.604,90,39.648,74,32.599
17K531,236,131,0.555,102,0.432,134,56.780,105,44.492
17K532,379,127,0.335,103,0.272,276,72.823,252,66.491
17K537,434,285,0.657,240,0.553,194,44.700,149,34.332
17K539,239,148,0.619,126,0.527,113,47.280,91,38.075
17K543,624,466,0.747,429,0.688,195,31.250,158,25.321
17K546,501,341,0.681,309,0.617,192,38.323,160,31.936
17K547,320,216,0.675,186,0.581,134,41.875,104,32.500
17K548,233,140,0.601,116,0.498,117,50.215,93,39.914
17K568,68,28,0.412,21,0.309,47,69.118,40,58.824
17K590,1398,985,0.705,907,0.649,491,35.122,413,29.542
17K600,1296,853,0.658,748,0.577,548,42.284,443,34.182
17K646,157,74,0.471,50,0.318,107,68.153,83,52.866
17K705,250,124,0.496,106,0.424,144,57.600,126,50.400
17K722,212,99,0.467,75,0.354,137,64.623,113,53.302
17K745,524,342,0.653,299,0.571,225,42.939,182,34.733
17K751,243,163,0.671,143,0.588,100,41.152,80,32.922
17K770,268,172,0.642,133,0.496,135,50.373,96,35.821
18K066,559,234,0.419,200,0.358,359,64.222,325,58.140
18K068,236,96,0.407,72,0.305,164,69.492,140,59.322
18K114,341,79,0.232,62,0.182,279,81.818,262,76.833
18K115,680,229,0.337,185,0.272,495,72.794,451,66.324
18K135,307,84,0.274,64,0.208,243,79.153,223,72.638
18K208,240,76,0.317,58,0.242,182,75.833,164,68.333
18K211,216,99,0.458,81,0.375,135,62.500,117,54.167
18K219,271,70,0.258,50,0.185,221,81.550,201,74.170
18K233,250,67,0.268,44,0.176,206,82.400,183,73.200
18K235,962,398,0.414,346,0.36,616,64.033,564,58.628
18K244,349,102,0.292,78,0.223,271,77.650,247,70.774
18K268,225,73,0.324,49,0.218,176,78.222,152,67.556
18K272,300,76,0.253,52,0.173,248,82.667,224,74.667
18K276,430,103,0.24,82,0.191,348,80.930,327,76.047
18K279,238,79,0.332,62,0.261,176,73.950,159,66.807
18K285,584,322,0.551,277,0.474,307,52.568,262,44.863
18K366,351,172,0.49,144,0.41,207,58.974,179,50.997
18K563,383,237,0.619,198,0.517,185,48.303,146,38.120
18K566,210,129,0.614,116,0.552,94,44.762,81,38.571
18K567,199,142,0.714,126,0.633,73,36.683,57,28.643
18K569,167,85,0.509,70,0.419,97,58.084,82,49.102
18K576,240,162,0.675,142,0.592,98,40.833,78,32.500
18K578,137,51,0.372,34,0.248,103,75.182,86,62.774
18K581,168,75,0.446,57,0.339,111,66.071,93,55.357
18K588,164,83,0.506,68,0.415,96,58.537,81,49.390
18K617,249,173,0.695,147,0.59,102,40.964,76,30.522
18K629,207,125,0.604,106,0.512,101,48.792,82,39.614
18K633,434,286,0.659,253,0.583,181,41.705,148,34.101
18K635,160,55,0.344,36,0.225,124,77.500,105,65.625
18K637,346,218,0.63,199,0.575,147,42.486,128,36.994
18K642,139,75,0.54,65,0.468,74,53.237,64,46.043
18K673,160,66,0.413,38,0.238,122,76.250,94,58.750
18K763,344,185,0.538,165,0.48,179,52.035,159,46.221
19K007,619,239,0.386,182,0.294,437,70.598,380,61.389
19K013,335,79,0.236,55,0.164,280,83.582,256,76.418
19K065,459,167,0.364,134,0.292,325,70.806,292,63.617
19K089,426,211,0.495,167,0.392,259,60.798,215,50.469
19K108,676,255,0.377,184,0.272,492,72.781,421,62.278
19K149,419,120,0.286,84,0.2,335,79.952,299,71.360
19K158,370,115,0.311,69,0.186,301,81.351,255,68.919
19K159,594,300,0.505,249,0.419,345,58.081,294,49.495
19K171,308,189,0.614,158,0.513,150,48.701,119,38.636
19K190,119,33,0.277,24,0.202,95,79.832,86,72.269
19K202,219,60,0.274,37,0.169,182,83.105,159,72.603
19K213,190,50,0.263,32,0.168,158,83.158,140,73.684
19K214,698,338,0.484,274,0.393,424,60.745,360,51.576
19K218,322,158,0.491,124,0.385,198,61.491,164,50.932
19K224,253,63,0.249,38,0.15,215,84.980,190,75.099
19K273,263,83,0.316,50,0.19,213,80.989,180,68.441
19K290,346,108,0.312,81,0.234,265,76.590,238,68.786
19K292,405,215,0.531,187,0.462,218,53.827,190,46.914
19K306,227,77,0.339,55,0.242,172,75.771,150,66.079
19K325,134,31,0.231,20,0.149,114,85.075,103,76.866
19K328,220,40,0.182,26,0.118,194,88.182,180,81.818
19K345,475,146,0.307,101,0.213,374,78.737,329,69.263
19K346,404,141,0.349,113,0.28,291,72.030,263,65.099
19K364,180,91,0.506,79,0.439,101,56.111,89,49.444
19K404,513,318,0.62,273,0.532,240,46.784,195,38.012
19K409,607,391,0.644,336,0.554,271,44.646,216,35.585
19K422,487,294,0.604,253,0.52,234,48.049,193,39.630
19K452,214,113,0.528,102,0.477,112,52.336,101,47.196
19K502,241,174,0.722,156,0.647,85,35.270,67,27.801
19K504,159,111,0.698,102,0.642,57,35.849,48,30.189
19K507,320,206,0.644,187,0.584,133,41.562,114,35.625
19K510,144,95,0.66,79,0.549,65,45.139,49,34.028
19K557,245,65,0.265,48,0.196,197,80.408,180,73.469
19K583,342,241,0.705,198,0.579,144,42.105,101,29.532
19K615,774,523,0.676,462,0.597,312,40.310,251,32.429
19K618,400,289,0.723,260,0.65,140,35.000,111,27.750
19K639,330,225,0.682,201,0.609,129,39.091,105,31.818
19K654,240,115,0.479,90,0.375,150,62.500,125,52.083
19K659,364,267,0.734,240,0.659,124,34.066,97,26.648
19K660,374,212,0.567,183,0.489,191,51.070,162,43.316
19K661,463,267,0.577,230,0.497,233,50.324,196,42.333
19K662,483,284,0.588,237,0.491,246,50.932,199,41.201
19K663,98,39,0.398,26,0.265,72,73.469,59,60.204
19K677,381,102,0.268,83,0.218,298,78.215,279,73.228
19K678,245,121,0.494,94,0.384,151,61.633,124,50.612
19K683,251,147,0.586,122,0.486,129,51.394,104,41.434
19K760,293,190,0.648,167,0.57,126,43.003,103,35.154
19K764,338,234,0.692,215,0.636,123,36.391,104,30.769
19K907,150,68,0.453,53,0.353,97,64.667,82,54.667
19K935,94,36,0.383,29,0.309,65,69.149,58,61.702
19K938,69,22,0.319,15,0.217,54,78.261,47,68.116
19K953,139,89,0.64,75,0.54,64,46.043,50,35.971
20K030,963,441,0.458,383,0.398,580,60.228,522,54.206
20K048,494,235,0.476,205,0.415,289,58.502,259,52.429
20K062,969,555,0.573,481,0.496,488,50.361,414,42.724
20K069,643,537,0.835,482,0.75,161,25.039,106,16.485
20K102,1185,570,0.481,491,0.414,694,58.565,615,51.899
20K104,1113,618,0.555,553,0.497,560,50.314,495,44.474
20K105,1278,1083,0.847,995,0.779,283,22.144,195,15.258
20K112,698,334,0.479,283,0.405,415,59.456,364,52.149
20K127,542,280,0.517,238,0.439,304,56.089,262,48.339
20K160,991,814,0.821,753,0.76,238,24.016,177,17.861
20K163,608,315,0.518,281,0.462,327,53.783,293,48.191
20K164,539,290,0.538,248,0.46,291,53.989,249,46.197
20K170,928,535,0.577,465,0.501,463,49.892,393,42.349
20K176,1116,746,0.668,655,0.587,461,41.308,370,33.154
20K179,674,280,0.415,237,0.352,437,64.837,394,58.457
20K180,932,559,0.6,495,0.531,437,46.888,373,40.021
20K185,560,238,0.425,201,0.359,359,64.107,322,57.500
20K186,1017,425,0.418,370,0.364,647,63.618,592,58.210
20K187,920,783,0.851,753,0.818,167,18.152,137,14.891
20K192,567,207,0.365,172,0.303,395,69.665,360,63.492
20K200,1259,337,0.268,286,0.227,973,77.284,922,73.233
20K201,1552,1183,0.762,1120,0.722,432,27.835,369,23.776
20K204,1034,581,0.562,531,0.514,503,48.646,453,43.810
20K205,1127,670,0.594,596,0.529,531,47.116,457,40.550
20K220,1262,1021,0.809,933,0.739,329,26.070,241,19.097
20K223,783,536,0.685,490,0.626,293,37.420,247,31.545
20K227,1520,1155,0.76,1075,0.707,445,29.276,365,24.013
20K229,1171,782,0.668,731,0.624,440,37.575,389,33.219
20K247,752,431,0.573,380,0.505,372,49.468,321,42.686
20K259,1535,1133,0.738,1073,0.699,462,30.098,402,26.189
20K264,363,141,0.388,107,0.295,256,70.523,222,61.157
20K310,475,382,0.804,360,0.758,115,24.211,93,19.579
20K445,3198,2459,0.769,2310,0.722,888,27.767,739,23.108
20K485,1261,1025,0.813,969,0.768,292,23.156,236,18.715
20K490,4054,3252,0.802,3071,0.758,983,24.248,802,19.783
20K503,737,366,0.497,307,0.417,430,58.345,371,50.339
20K505,3177,2288,0.72,2099,0.661,1078,33.931,889,27.982
20K506,528,283,0.536,231,0.438,297,56.250,245,46.402
20K609,536,395,0.737,359,0.67,177,33.022,141,26.306
20K682,342,159,0.465,147,0.43,195,57.018,183,53.509
20K686,465,265,0.57,241,0.518,224,48.172,200,43.011
20K748,455,206,0.453,180,0.396,275,60.440,249,54.725
20K936,299,200,0.669,176,0.589,123,41.137,99,33.110
20K939,112,49,0.438,40,0.357,72,64.286,63,56.250
20K971,227,137,0.604,122,0.537,105,46.256,90,39.648
21K090,442,126,0.285,93,0.21,349,78.959,316,71.493
21K095,934,460,0.493,407,0.436,527,56.424,474,50.749
21K096,823,448,0.544,403,0.49,420,51.033,375,45.565
21K097,716,398,0.556,358,0.5,358,50.000,318,44.413
21K098,1522,788,0.518,729,0.479,793,52.102,734,48.226
21K099,784,235,0.3,201,0.256,583,74.362,549,70.026
21K100,618,79,0.128,65,0.105,553,89.482,539,87.217
21K101,971,521,0.537,481,0.495,490,50.463,450,46.344
21K121,323,137,0.424,115,0.356,208,64.396,186,57.585
21K128,435,131,0.301,103,0.237,332,76.322,304,69.885
21K153,493,148,0.3,124,0.252,369,74.848,345,69.980
21K177,824,287,0.348,231,0.28,593,71.966,537,65.170
21K188,246,63,0.256,53,0.215,193,78.455,183,74.390
21K199,497,114,0.229,90,0.181,407,81.891,383,77.062
21K209,646,233,0.361,196,0.303,450,69.659,413,63.932
21K212,561,239,0.426,198,0.353,363,64.706,322,57.398
21K215,661,245,0.371,211,0.319,450,68.079,416,62.935
21K216,620,147,0.237,122,0.197,498,80.323,473,76.290
21K225,882,243,0.276,191,0.217,691,78.345,639,72.449
21K226,865,394,0.455,341,0.394,524,60.578,471,54.451
21K228,1531,811,0.53,743,0.485,788,51.470,720,47.028
21K238,538,174,0.323,142,0.264,396,73.606,364,67.658
21K239,1231,810,0.658,763,0.62,468,38.018,421,34.200
21K253,825,261,0.316,212,0.257,613,74.303,564,68.364
21K281,1180,700,0.593,631,0.535,549,46.525,480,40.678
21K288,532,192,0.361,147,0.276,385,72.368,340,63.910
21K303,427,192,0.45,175,0.41,252,59.016,235,55.035
21K329,300,77,0.257,49,0.163,251,83.667,223,74.333
21K337,346,209,0.604,172,0.497,174,50.289,137,39.595
21K344,594,330,0.556,288,0.485,306,51.515,264,44.444
21K348,325,181,0.557,157,0.483,168,51.692,144,44.308
21K410,1930,1304,0.676,1154,0.598,776,40.207,626,32.435
21K468,726,506,0.697,446,0.614,280,38.567,220,30.303
21K525,3613,2778,0.769,2618,0.725,995,27.539,835,23.111
21K540,2167,1552,0.716,1415,0.653,752,34.702,615,28.380
21K559,266,163,0.613,131,0.492,135,50.752,103,38.722
21K572,385,280,0.727,253,0.657,132,34.286,105,27.273
21K620,580,395,0.681,336,0.579,244,42.069,185,31.897
21K690,923,524,0.568,478,0.518,445,48.212,399,43.229
21K728,203,81,0.399,56,0.276,147,72.414,122,60.099
22K014,480,203,0.423,172,0.358,308,64.167,277,57.708
22K052,655,127,0.194,101,0.154,554,84.580,528,80.611
22K078,510,263,0.516,235,0.461,275,53.922,247,48.431
22K109,480,183,0.381,137,0.285,343,71.458,297,61.875
22K119,363,156,0.43,121,0.333,242,66.667,207,57.025
22K134,510,143,0.28,126,0.247,384,75.294,367,71.961
22K139,713,436,0.612,373,0.523,340,47.686,277,38.850
22K152,491,180,0.367,151,0.308,340,69.246,311,63.340
22K193,452,149,0.33,126,0.279,326,72.124,303,67.035
22K194,462,134,0.29,100,0.216,362,78.355,328,70.996
22K195,310,55,0.177,48,0.155,262,84.516,255,82.258
22K197,814,168,0.206,135,0.166,679,83.415,646,79.361
22K198,266,90,0.338,58,0.218,208,78.195,176,66.165
22K203,471,128,0.272,97,0.206,374,79.406,343,72.824
22K206,1474,671,0.455,609,0.413,865,58.684,803,54.478
22K207,914,418,0.457,364,0.398,550,60.175,496,54.267
22K217,867,347,0.4,299,0.345,568,65.513,520,59.977
22K222,700,292,0.417,260,0.371,440,62.857,408,58.286
22K234,1285,661,0.514,592,0.461,693,53.930,624,48.560
22K236,485,144,0.297,134,0.276,351,72.371,341,70.309
22K240,502,277,0.552,234,0.466,268,53.386,225,44.821
22K245,229,88,0.384,73,0.319,156,68.122,141,61.572
22K251,310,92,0.297,71,0.229,239,77.097,218,70.323
22K254,622,179,0.288,150,0.241,472,75.884,443,71.222
22K255,771,214,0.278,185,0.24,586,76.005,557,72.244
22K277,326,114,0.35,99,0.304,227,69.632,212,65.031
22K278,1194,670,0.561,618,0.518,576,48.241,524,43.886
22K312,583,183,0.314,152,0.261,431,73.928,400,68.611
22K315,513,203,0.396,160,0.312,353,68.811,310,60.429
22K326,102,30,0.294,22,0.216,80,78.431,72,70.588
22K361,415,133,0.32,97,0.234,318,76.627,282,67.952
22K381,323,182,0.563,146,0.452,177,54.799,141,43.653
22K405,3963,3168,0.799,3019,0.762,944,23.820,795,20.061
22K425,3460,2262,0.654,2105,0.608,1355,39.162,1198,34.624
22K535,956,734,0.768,692,0.724,264,27.615,222,23.222
22K555,641,530,0.827,507,0.791,134,20.905,111,17.317
22K611,415,244,0.588,215,0.518,200,48.193,171,41.205
22K630,153,77,0.503,60,0.392,93,60.784,76,49.673
22K889,291,175,0.601,146,0.502,145,49.828,116,39.863
22K890,283,186,0.657,162,0.572,121,42.756,97,34.276
23K041,248,101,0.407,66,0.266,182,73.387,147,59.274
23K137,125,40,0.32,29,0.232,96,76.800,85,68.000
23K150,141,33,0.234,24,0.17,117,82.979,108,76.596
23K155,299,120,0.401,80,0.268,219,73.244,179,59.866
23K156,446,136,0.305,101,0.226,345,77.354,310,69.507
23K165,159,31,0.195,19,0.119,140,88.050,128,80.503
23K178,241,85,0.353,72,0.299,169,70.124,156,64.730
23K184,411,131,0.319,102,0.248,309,75.182,280,68.127
23K284,206,42,0.204,25,0.121,181,87.864,164,79.612
23K298,250,77,0.308,48,0.192,202,80.800,173,69.200
23K323,464,141,0.304,96,0.207,368,79.310,323,69.612
23K327,188,46,0.245,25,0.133,163,86.702,142,75.532
23K363,262,120,0.458,88,0.336,174,66.412,142,54.198
23K392,328,192,0.585,167,0.509,161,49.085,136,41.463
23K401,205,60,0.293,41,0.2,164,80.000,145,70.732
23K446,238,64,0.269,37,0.155,201,84.454,174,73.109
23K493,383,237,0.619,193,0.504,190,49.608,146,38.120
23K514,163,103,0.632,86,0.528,77,47.239,60,36.810
23K518,97,48,0.495,38,0.392,59,60.825,49,50.515
23K522,96,44,0.458,39,0.406,57,59.375,52,54.167
23K599,350,108,0.309,84,0.24,266,76.000,242,69.143
23K643,139,47,0.338,35,0.252,104,74.820,92,66.187
23K644,587,320,0.545,267,0.455,320,54.514,267,45.486
23K647,191,69,0.361,40,0.209,151,79.058,122,63.874
23K664,153,64,0.418,50,0.327,103,67.320,89,58.170
23K668,123,50,0.407,37,0.301,86,69.919,73,59.350
23K671,182,89,0.489,72,0.396,110,60.440,93,51.099
23K697,169,89,0.527,69,0.408,100,59.172,80,47.337
24Q005,1563,1248,0.798,1143,0.731,420,26.871,315,20.154
24Q007,1139,788,0.692,705,0.619,434,38.104,351,30.817
24Q012,936,625,0.668,536,0.573,400,42.735,311,33.226
24Q013,1083,635,0.586,536,0.495,547,50.508,448,41.367
24Q014,1131,593,0.524,430,0.38,701,61.981,538,47.569
24Q016,1158,600,0.518,474,0.409,684,59.067,558,48.187
24Q019,1621,933,0.576,721,0.445,900,55.521,688,42.443
24Q028,366,168,0.459,127,0.347,239,65.301,198,54.098
24Q049,1160,589,0.508,526,0.453,634,54.655,571,49.224
24Q058,808,479,0.593,402,0.498,406,50.248,329,40.718
24Q061,2097,1592,0.759,1393,0.664,704,33.572,505,24.082
24Q068,446,194,0.435,146,0.327,300,67.265,252,56.502
24Q071,532,177,0.333,135,0.254,397,74.624,355,66.729
24Q073,1966,1496,0.761,1367,0.695,599,30.468,470,23.906
24Q077,726,496,0.683,427,0.588,299,41.185,230,31.680
24Q081,641,297,0.463,219,0.342,422,65.835,344,53.666
24Q087,492,224,0.455,203,0.413,289,58.740,268,54.472
24Q088,619,209,0.338,176,0.284,443,71.567,410,66.236
24Q089,1382,906,0.656,730,0.528,652,47.178,476,34.443
24Q091,703,215,0.306,168,0.239,535,76.102,488,69.417
24Q093,1019,666,0.654,576,0.565,443,43.474,353,34.642
24Q102,1201,877,0.73,804,0.669,397,33.056,324,26.978
24Q110,912,480,0.526,364,0.399,548,60.088,432,47.368
24Q113,771,328,0.425,282,0.366,489,63.424,443,57.458
24Q119,1206,704,0.584,647,0.536,559,46.352,502,41.625
24Q125,1517,1173,0.773,1065,0.702,452,29.796,344,22.676
24Q128,673,240,0.357,210,0.312,463,68.796,433,64.339
24Q143,1376,758,0.551,600,0.436,776,56.395,618,44.913
24Q153,802,398,0.496,343,0.428,459,57.232,404,50.374
24Q199,512,296,0.578,243,0.475,269,52.539,216,42.188
24Q211,738,379,0.514,278,0.377,460,62.331,359,48.645
24Q229,1152,699,0.607,610,0.53,542,47.049,453,39.323
24Q236,264,208,0.788,172,0.652,92,34.848,56,21.212
24Q239,417,156,0.374,114,0.273,303,72.662,261,62.590
24Q264,765,645,0.843,619,0.809,146,19.085,120,15.686
24Q267,384,304,0.792,293,0.763,91,23.698,80,20.833
24Q290,530,277,0.523,244,0.46,286,53.962,253,47.736
24Q293,621,536,0.863,511,0.823,110,17.713,85,13.688
24Q296,394,313,0.794,257,0.652,137,34.772,81,20.558
24Q299,669,602,0.9,581,0.868,88,13.154,67,10.015
24Q305,446,213,0.478,157,0.352,289,64.798,233,52.242
24Q307,764,386,0.505,294,0.385,470,61.518,378,49.476
24Q311,756,590,0.78,522,0.69,234,30.952,166,21.958
24Q330,454,213,0.469,151,0.333,303,66.740,241,53.084
24Q343,447,320,0.716,289,0.647,158,35.347,127,28.412
24Q455,1664,1330,0.799,1192,0.716,472,28.365,334,20.072
24Q485,1405,1014,0.722,915,0.651,490,34.875,391,27.829
24Q520,492,426,0.866,412,0.837,80,16.260,66,13.415
24Q530,493,407,0.826,360,0.73,133,26.978,86,17.444
24Q550,762,631,0.828,601,0.789,161,21.129,131,17.192
24Q560,602,490,0.814,461,0.766,141,23.422,112,18.605
24Q585,1083,900,0.831,852,0.787,231,21.330,183,16.898
24Q600,1418,1217,0.858,1158,0.817,260,18.336,201,14.175
24Q610,1906,1653,0.867,1593,0.836,313,16.422,253,13.274
24Q744,204,105,0.515,58,0.284,146,71.569,99,48.529
25Q020,1011,760,0.752,665,0.658,346,34.224,251,24.827
25Q021,1076,697,0.648,600,0.558,476,44.238,379,35.223
25Q022,740,512,0.692,447,0.604,293,39.595,228,30.811
25Q024,1032,830,0.804,772,0.748,260,25.194,202,19.574
25Q025,1008,814,0.808,771,0.765,237,23.512,194,19.246
25Q029,695,362,0.521,285,0.41,410,58.993,333,47.914
25Q032,873,653,0.748,587,0.672,286,32.761,220,25.200
25Q079,1023,698,0.682,619,0.605,404,39.492,325,31.769
25Q107,828,551,0.665,491,0.593,337,40.700,277,33.454
25Q120,680,515,0.757,449,0.66,231,33.971,165,24.265
25Q129,1089,596,0.547,490,0.45,599,55.005,493,45.271
25Q130,364,250,0.687,237,0.651,127,34.890,114,31.319
25Q154,553,277,0.501,231,0.418,322,58.228,276,49.910
25Q163,737,559,0.758,502,0.681,235,31.886,178,24.152
25Q164,545,263,0.483,232,0.426,313,57.431,282,51.743
25Q165,609,299,0.491,254,0.417,355,58.292,310,50.903
25Q169,362,226,0.624,210,0.58,152,41.989,136,37.569
25Q184,465,277,0.596,252,0.542,213,45.806,188,40.430
25Q185,1329,1026,0.772,955,0.719,374,28.141,303,22.799
25Q189,644,533,0.828,500,0.776,144,22.360,111,17.236
25Q193,529,212,0.401,185,0.35,344,65.028,317,59.924
25Q194,1012,743,0.734,702,0.694,310,30.632,269,26.581
25Q200,467,225,0.482,194,0.415,273,58.458,242,51.820
25Q201,363,132,0.364,100,0.275,263,72.452,231,63.636
25Q209,504,331,0.657,295,0.585,209,41.468,173,34.325
25Q214,342,225,0.658,207,0.605,135,39.474,117,34.211
25Q219,558,357,0.64,336,0.602,222,39.785,201,36.022
25Q237,1210,1001,0.827,932,0.77,278,22.975,209,17.273
25Q240,597,504,0.844,478,0.801,119,19.933,93,15.578
25Q241,449,401,0.893,382,0.851,67,14.922,48,10.690
25Q242,315,224,0.711,200,0.635,115,36.508,91,28.889
25Q244,420,344,0.819,318,0.757,102,24.286,76,18.095
25Q250,331,209,0.631,185,0.559,146,44.109,122,36.858
25Q252,574,429,0.747,409,0.713,165,28.746,145,25.261
25Q263,407,319,0.784,275,0.676,132,32.432,88,21.622
25Q281,651,578,0.888,560,0.86,91,13.978,73,11.214
25Q285,631,461,0.731,441,0.699,190,30.111,170,26.941
25Q294,350,262,0.749,246,0.703,104,29.714,88,25.143
25Q379,471,351,0.745,315,0.669,156,33.121,120,25.478
25Q425,3013,2382,0.791,2167,0.719,846,28.078,631,20.943
25Q460,1432,1157,0.808,1067,0.745,365,25.489,275,19.204
25Q499,489,347,0.71,309,0.632,180,36.810,142,29.039
25Q525,1344,1237,0.92,1203,0.895,141,10.491,107,7.961
25Q540,303,141,0.465,91,0.3,212,69.967,162,53.465
25Q670,565,429,0.759,394,0.697,171,30.265,136,24.071
25Q792,131,61,0.466,41,0.313,90,68.702,70,53.435
26Q018,368,231,0.628,191,0.519,177,48.098,137,37.228
26Q026,602,320,0.532,263,0.437,339,56.312,282,46.844
26Q031,406,255,0.628,226,0.557,180,44.335,151,37.192
26Q041,399,280,0.702,260,0.652,139,34.837,119,29.825
26Q046,452,291,0.644,257,0.569,195,43.142,161,35.619
26Q067,994,795,0.8,746,0.751,248,24.950,199,20.020
26Q074,1011,847,0.838,814,0.805,197,19.486,164,16.222
26Q094,300,208,0.693,186,0.62,114,38.000,92,30.667
26Q098,215,124,0.577,108,0.502,107,49.767,91,42.326
26Q115,611,414,0.678,363,0.594,248,40.589,197,32.242
26Q133,530,325,0.613,291,0.549,239,45.094,205,38.679
26Q158,812,676,0.833,638,0.786,174,21.429,136,16.749
26Q159,570,397,0.696,370,0.649,200,35.088,173,30.351
26Q162,547,373,0.682,345,0.631,202,36.929,174,31.810
26Q172,880,681,0.774,640,0.727,240,27.273,199,22.614
26Q173,881,563,0.639,506,0.574,375,42.565,318,36.095
26Q178,462,129,0.279,107,0.232,355,76.840,333,72.078
26Q186,348,207,0.595,177,0.509,171,49.138,141,40.517
26Q188,635,452,0.712,422,0.665,213,33.543,183,28.819
26Q191,332,173,0.521,143,0.431,189,56.928,159,47.892
26Q203,726,539,0.742,480,0.661,246,33.884,187,25.758
26Q205,232,144,0.621,127,0.547,105,45.259,88,37.931
26Q213,356,194,0.545,173,0.486,183,51.404,162,45.506
26Q216,1432,1147,0.801,1077,0.752,355,24.791,285,19.902
26Q221,535,323,0.604,288,0.538,247,46.168,212,39.626
26Q266,521,314,0.603,281,0.539,240,46.065,207,39.731
26Q315,522,416,0.797,393,0.753,129,24.713,106,20.307
26Q376,314,239,0.761,208,0.662,106,33.758,75,23.885
26Q390,50,23,0.46,18,0.36,32,64.000,27,54.000
26Q415,3263,2659,0.815,2505,0.768,758,23.230,604,18.511
26Q430,4217,3617,0.858,3467,0.822,750,17.785,600,14.228
26Q435,1105,838,0.758,750,0.679,355,32.127,267,24.163
26Q495,2799,2386,0.852,2282,0.815,517,18.471,413,14.755
26Q566,903,695,0.77,633,0.701,270,29.900,208,23.034
27Q042,525,159,0.303,113,0.215,412,78.476,366,69.714
27Q043,674,208,0.309,135,0.2,539,79.970,466,69.139
27Q045,232,64,0.276,44,0.19,188,81.034,168,72.414
27Q047,225,80,0.356,67,0.298,158,70.222,145,64.444
27Q051,156,46,0.295,35,0.224,121,77.564,110,70.513
27Q053,214,93,0.435,71,0.332,143,66.822,121,56.542
27Q056,310,139,0.448,105,0.339,205,66.129,171,55.161
27Q060,898,432,0.481,348,0.388,550,61.247,466,51.893
27Q062,785,404,0.515,312,0.397,473,60.255,381,48.535
27Q063,933,465,0.498,386,0.414,547,58.628,468,50.161
27Q064,447,266,0.595,239,0.535,208,46.532,181,40.492
27Q065,345,156,0.452,136,0.394,209,60.580,189,54.783
27Q066,418,202,0.483,159,0.38,259,61.962,216,51.675
27Q090,553,250,0.452,198,0.358,355,64.195,303,54.792
27Q096,267,115,0.431,97,0.363,170,63.670,152,56.929
27Q097,566,261,0.461,202,0.357,364,64.311,305,53.887
27Q100,681,351,0.515,270,0.396,411,60.352,330,48.458
27Q104,530,136,0.257,97,0.183,433,81.698,394,74.340
27Q105,649,256,0.394,198,0.305,451,69.492,393,60.555
27Q106,136,25,0.184,19,0.14,117,86.029,111,81.618
27Q108,1124,558,0.496,462,0.411,662,58.897,566,50.356
27Q114,549,181,0.33,160,0.291,389,70.856,368,67.031
27Q123,500,199,0.398,160,0.32,340,68.000,301,60.200
27Q124,990,558,0.564,480,0.485,510,51.515,432,43.636
27Q137,1781,1297,0.728,1172,0.658,609,34.194,484,27.176
27Q146,486,212,0.436,189,0.389,297,61.111,274,56.379
27Q155,453,197,0.435,157,0.347,296,65.342,256,56.512
27Q183,406,145,0.357,112,0.276,294,72.414,261,64.286
27Q197,358,101,0.282,74,0.207,284,79.330,257,71.788
27Q202,888,636,0.716,589,0.663,299,33.671,252,28.378
27Q207,566,174,0.307,153,0.27,413,72.968,392,69.258
27Q210,1543,1077,0.698,959,0.622,584,37.848,466,30.201
27Q223,423,169,0.4,132,0.312,291,68.794,254,60.047
27Q226,871,578,0.664,503,0.577,368,42.250,293,33.639
27Q232,818,357,0.436,317,0.388,501,61.247,461,56.357
27Q253,456,116,0.254,88,0.193,368,80.702,340,74.561
27Q254,468,213,0.455,162,0.346,306,65.385,255,54.487
27Q260,276,148,0.536,116,0.42,160,57.971,128,46.377
27Q261,227,110,0.485,78,0.344,149,65.639,117,51.542
27Q262,1176,818,0.696,750,0.638,426,36.224,358,30.442
27Q273,293,145,0.495,121,0.413,172,58.703,148,50.512
27Q282,260,163,0.627,136,0.523,124,47.692,97,37.308
27Q297,384,264,0.688,239,0.622,145,37.760,120,31.250
27Q302,478,299,0.626,272,0.569,206,43.096,179,37.448
27Q306,327,158,0.483,126,0.385,201,61.468,169,51.682
27Q308,584,460,0.788,435,0.745,149,25.514,124,21.233
27Q309,668,408,0.611,345,0.516,323,48.353,260,38.922
27Q314,397,311,0.783,291,0.733,106,26.700,86,21.662
27Q316,385,193,0.501,169,0.439,216,56.104,192,49.870
27Q317,438,201,0.459,171,0.39,267,60.959,237,54.110
27Q318,165,110,0.667,93,0.564,72,43.636,55,33.333
27Q319,314,150,0.478,120,0.382,194,61.783,164,52.229
27Q323,1149,878,0.764,822,0.715,327,28.460,271,23.586
27Q324,252,132,0.524,109,0.433,143,56.746,120,47.619
27Q333,323,141,0.437,117,0.362,206,63.777,182,56.347
27Q334,403,327,0.811,301,0.747,102,25.310,76,18.859
27Q351,275,149,0.542,124,0.451,151,54.909,126,45.818
27Q362,415,118,0.284,91,0.219,324,78.072,297,71.566
27Q377,309,117,0.379,86,0.278,223,72.168,192,62.136
27Q400,466,300,0.644,256,0.549,210,45.064,166,35.622
27Q475,1606,1256,0.782,1157,0.72,449,27.958,350,21.793
27Q480,2315,1709,0.738,1560,0.674,755,32.613,606,26.177
27Q650,1096,927,0.846,889,0.811,207,18.887,169,15.420
28Q008,410,252,0.615,216,0.527,194,47.317,158,38.537
28Q040,321,143,0.445,112,0.349,209,65.109,178,55.452
28Q048,413,172,0.416,127,0.308,286,69.249,241,58.354
28Q050,694,322,0.464,261,0.376,433,62.392,372,53.602
28Q054,431,207,0.48,167,0.387,264,61.253,224,51.972
28Q055,415,222,0.535,188,0.453,227,54.699,193,46.506
28Q072,258,133,0.516,105,0.407,153,59.302,125,48.450
28Q080,337,86,0.255,65,0.193,272,80.712,251,74.481
28Q082,572,230,0.402,180,0.315,392,68.531,342,59.790
28Q086,615,313,0.509,268,0.436,347,56.423,302,49.106
28Q099,676,316,0.467,255,0.377,421,62.278,360,53.254
28Q101,509,354,0.695,336,0.66,173,33.988,155,30.452
28Q117,741,301,0.406,254,0.343,487,65.722,440,59.379
28Q121,699,338,0.484,280,0.401,419,59.943,361,51.645
28Q139,574,215,0.375,185,0.322,389,67.770,359,62.544
28Q140,358,86,0.24,58,0.162,300,83.799,272,75.978
28Q144,758,566,0.747,518,0.683,240,31.662,192,25.330
28Q157,1549,921,0.595,862,0.556,687,44.351,628,40.542
28Q160,534,200,0.375,161,0.301,373,69.850,334,62.547
28Q161,489,265,0.542,219,0.448,270,55.215,224,45.808
28Q167,828,674,0.814,653,0.789,175,21.135,154,18.599
28Q174,552,329,0.596,303,0.549,249,45.109,223,40.399
28Q175,622,223,0.359,197,0.317,425,68.328,399,64.148
28Q182,587,284,0.484,242,0.412,345,58.773,303,51.618
28Q190,1074,750,0.698,699,0.651,375,34.916,324,30.168
28Q196,804,546,0.679,515,0.641,289,35.945,258,32.090
28Q206,471,162,0.344,131,0.278,340,72.187,309,65.605
28Q217,1464,991,0.677,885,0.605,579,39.549,473,32.309
28Q220,554,203,0.366,179,0.323,375,67.690,351,63.357
28Q284,594,491,0.827,460,0.774,134,22.559,103,17.340
28Q287,361,229,0.634,200,0.554,161,44.598,132,36.565
28Q303,365,237,0.649,214,0.586,151,41.370,128,35.068
28Q310,633,459,0.725,417,0.659,216,34.123,174,27.488
28Q312,225,77,0.342,58,0.258,167,74.222,148,65.778
28Q325,413,306,0.741,286,0.692,127,30.751,107,25.908
28Q328,453,368,0.812,355,0.784,98,21.634,85,18.764
28Q332,219,129,0.589,113,0.516,106,48.402,90,41.096
28Q338,137,84,0.613,62,0.453,75,54.745,53,38.686
28Q349,543,338,0.622,286,0.527,257,47.330,205,37.753
28Q350,509,409,0.804,378,0.743,131,25.737,100,19.646
28Q354,454,134,0.295,97,0.214,357,78.634,320,70.485
28Q358,342,257,0.751,235,0.687,107,31.287,85,24.854
28Q440,3555,2704,0.761,2563,0.721,992,27.904,851,23.938
28Q505,2488,1945,0.782,1776,0.714,712,28.617,543,21.825
28Q620,2218,1950,0.879,1882,0.849,336,15.149,268,12.083
28Q680,681,579,0.85,557,0.818,124,18.209,102,14.978
28Q686,1016,742,0.73,692,0.681,324,31.890,274,26.969
28Q687,518,490,0.946,483,0.932,35,6.757,28,5.405
28Q690,374,259,0.693,231,0.618,143,38.235,115,30.749
28Q896,547,452,0.826,432,0.79,115,21.024,95,17.367
29Q015,332,103,0.31,77,0.232,255,76.807,229,68.976
29Q033,763,400,0.524,325,0.426,438,57.405,363,47.575
29Q034,464,139,0.3,99,0.213,365,78.664,325,70.043
29Q035,554,221,0.399,168,0.303,386,69.675,333,60.108
29Q036,278,79,0.284,61,0.219,217,78.058,199,71.583
29Q037,269,63,0.234,42,0.156,227,84.387,206,76.580
29Q038,255,71,0.278,54,0.212,201,78.824,184,72.157
29Q052,268,66,0.246,48,0.179,220,82.090,202,75.373
29Q059,440,233,0.53,194,0.441,246,55.909,207,47.045
29Q095,1196,639,0.534,510,0.426,686,57.358,557,46.572
29Q109,1006,685,0.681,626,0.622,380,37.773,321,31.909
29Q116,741,300,0.405,246,0.332,495,66.802,441,59.514
29Q118,333,110,0.33,86,0.258,247,74.174,223,66.967
29Q131,667,466,0.699,407,0.61,260,38.981,201,30.135
29Q132,293,81,0.276,61,0.208,232,79.181,212,72.355
29Q134,298,101,0.339,82,0.275,216,72.483,197,66.107
29Q135,688,318,0.462,255,0.371,433,62.936,370,53.779
29Q136,409,126,0.308,103,0.252,306,74.817,283,69.193
29Q138,559,187,0.335,143,0.256,416,74.419,372,66.547
29Q147,418,176,0.421,154,0.368,264,63.158,242,57.895
29Q156,147,39,0.265,26,0.177,121,82.313,108,73.469
29Q176,563,200,0.355,167,0.297,396,70.337,363,64.476
29Q181,266,75,0.282,48,0.18,218,81.955,191,71.805
29Q192,401,189,0.471,160,0.399,241,60.100,212,52.868
29Q195,307,77,0.251,59,0.192,248,80.782,230,74.919
29Q208,646,346,0.536,296,0.458,350,54.180,300,46.440
29Q238,1043,684,0.656,591,0.567,452,43.337,359,34.420
29Q243,462,327,0.708,287,0.621,175,37.879,135,29.221
29Q248,255,155,0.608,121,0.475,134,52.549,100,39.216
29Q251,239,66,0.276,48,0.201,191,79.916,173,72.385
29Q259,611,422,0.691,380,0.622,231,37.807,189,30.933
29Q265,381,220,0.577,188,0.493,193,50.656,161,42.257
29Q268,606,316,0.521,266,0.439,340,56.106,290,47.855
29Q270,646,276,0.427,240,0.372,406,62.848,370,57.276
29Q272,387,275,0.711,240,0.62,147,37.984,112,28.941
29Q283,542,310,0.572,262,0.483,280,51.661,232,42.804
29Q289,182,84,0.462,67,0.368,115,63.187,98,53.846
29Q295,509,236,0.464,196,0.385,313,61.493,273,53.635
29Q313,390,258,0.662,230,0.59,160,41.026,132,33.846
29Q326,345,255,0.739,233,0.675,112,32.464,90,26.087
29Q327,389,248,0.638,215,0.553,174,44.730,141,36.247
29Q355,373,173,0.464,149,0.399,224,60.054,200,53.619
29Q356,313,154,0.492,131,0.419,182,58.147,159,50.799
29Q360,284,95,0.335,83,0.292,201,70.775,189,66.549
29Q492,373,235,0.63,206,0.552,167,44.772,138,36.997
29Q498,458,320,0.699,281,0.614,177,38.646,138,30.131
30Q002,513,185,0.361,146,0.285,367,71.540,328,63.938
30Q010,747,514,0.688,464,0.621,283,37.885,233,31.191
30Q011,730,477,0.653,399,0.547,331,45.342,253,34.658
30Q017,507,248,0.489,210,0.414,297,58.580,259,51.085
30Q069,776,577,0.744,525,0.677,251,32.345,199,25.644
30Q070,698,300,0.43,232,0.332,466,66.762,398,57.020
30Q076,341,152,0.446,117,0.343,224,65.689,189,55.425
30Q078,681,543,0.797,505,0.742,176,25.844,138,20.264
30Q084,238,114,0.479,92,0.387,146,61.345,124,52.101
30Q085,552,283,0.513,241,0.437,311,56.341,269,48.732
30Q092,739,403,0.545,298,0.403,441,59.675,336,45.467
30Q111,282,102,0.362,64,0.227,218,77.305,180,63.830
30Q112,328,132,0.402,109,0.332,219,66.768,196,59.756
30Q122,1141,682,0.598,630,0.552,511,44.785,459,40.228
30Q126,466,329,0.706,296,0.635,170,36.481,137,29.399
30Q127,1028,582,0.566,467,0.454,561,54.572,446,43.385
30Q141,1099,689,0.627,620,0.564,479,43.585,410,37.307
30Q145,1554,1195,0.769,1079,0.694,475,30.566,359,23.102
30Q148,672,363,0.54,288,0.429,384,57.143,309,45.982
30Q149,796,453,0.569,357,0.448,439,55.151,343,43.090
30Q150,791,527,0.666,482,0.609,309,39.064,264,33.375
30Q151,247,93,0.377,64,0.259,183,74.089,154,62.348
30Q152,684,449,0.656,393,0.575,291,42.544,235,34.357
30Q166,748,493,0.659,434,0.58,314,41.979,255,34.091
30Q171,340,135,0.397,107,0.315,233,68.529,205,60.294
30Q204,381,263,0.69,231,0.606,150,39.370,118,30.971
30Q212,652,451,0.692,380,0.583,272,41.718,201,30.828
30Q222,193,118,0.611,106,0.549,87,45.078,75,38.860
30Q227,1492,1132,0.759,1066,0.714,426,28.552,360,24.129
30Q228,192,100,0.521,70,0.365,122,63.542,92,47.917
30Q230,1087,895,0.823,827,0.761,260,23.919,192,17.663
30Q234,366,178,0.486,152,0.415,214,58.470,188,51.366
30Q235,134,79,0.59,65,0.485,69,51.493,55,41.045
30Q258,524,449,0.857,419,0.8,105,20.038,75,14.313
30Q280,522,283,0.542,214,0.41,308,59.004,239,45.785
30Q286,573,483,0.843,455,0.794,118,20.593,90,15.707
30Q291,374,311,0.832,287,0.767,87,23.262,63,16.845
30Q300,478,412,0.862,395,0.826,83,17.364,66,13.808
30Q301,514,417,0.811,390,0.759,124,24.125,97,18.872
30Q329,437,212,0.485,169,0.387,268,61.327,225,51.487
30Q361,423,300,0.709,251,0.593,172,40.662,123,29.078
30Q384,225,187,0.831,170,0.756,55,24.444,38,16.889
30Q398,193,106,0.549,94,0.487,99,51.295,87,45.078
30Q445,2041,1614,0.791,1487,0.729,554,27.144,427,20.921
30Q450,2011,1596,0.794,1471,0.731,540,26.852,415,20.636
30Q501,857,771,0.9,741,0.865,116,13.536,86,10.035
30Q502,875,729,0.833,678,0.775,197,22.514,146,16.686
30Q555,920,646,0.702,520,0.565,400,43.478,274,29.783
30Q575,1193,987,0.827,950,0.796,243,20.369,206,17.267
30Q580,524,463,0.884,455,0.868,69,13.168,61,11.641
31R001,374,50,0.134,41,0.11,333,89.037,324,86.631
31R002,946,531,0.561,471,0.498,475,50.211,415,43.869
31R003,606,120,0.198,101,0.167,505,83.333,486,80.198
31R004,657,193,0.294,170,0.259,487,74.125,464,70.624
31R005,301,58,0.193,49,0.163,252,83.721,243,80.731
31R006,438,81,0.185,67,0.153,371,84.703,357,81.507
31R007,1163,435,0.374,391,0.336,772,66.380,728,62.597
31R008,524,173,0.33,150,0.286,374,71.374,351,66.985
31R009,255,90,0.353,76,0.298,179,70.196,165,64.706
31R010,172,31,0.18,22,0.128,150,87.209,141,81.977
31R011,270,72,0.267,53,0.196,217,80.370,198,73.333
31R013,770,295,0.383,242,0.314,528,68.571,475,61.688
31R016,380,128,0.337,86,0.226,294,77.368,252,66.316
31R018,359,110,0.306,79,0.22,280,77.994,249,69.359
31R019,408,146,0.358,110,0.27,298,73.039,262,64.216
31R020,378,109,0.288,73,0.193,305,80.688,269,71.164
31R021,332,89,0.268,61,0.184,271,81.627,243,73.193
31R022,753,226,0.3,172,0.228,581,77.158,527,69.987
31R023,550,163,0.296,131,0.238,419,76.182,387,70.364
31R024,1294,562,0.434,518,0.4,776,59.969,732,56.569
31R026,268,84,0.313,73,0.272,195,72.761,184,68.657
31R027,983,565,0.575,467,0.475,516,52.492,418,42.523
31R028,309,168,0.544,139,0.45,170,55.016,141,45.631
31R029,573,174,0.304,145,0.253,428,74.695,399,69.634
31R030,678,203,0.299,184,0.271,494,72.861,475,70.059
31R031,308,81,0.263,42,0.136,266,86.364,227,73.701
31R032,605,169,0.279,139,0.23,466,77.025,436,72.066
31R034,988,355,0.359,324,0.328,664,67.206,633,64.069
31R035,383,148,0.386,122,0.319,261,68.146,235,61.358
31R036,734,145,0.198,129,0.176,605,82.425,589,80.245
31R038,345,152,0.441,127,0.368,218,63.188,193,55.942
31R039,478,216,0.452,185,0.387,293,61.297,262,54.812
31R041,613,245,0.4,208,0.339,405,66.069,368,60.033
31R042,961,259,0.27,229,0.238,732,76.171,702,73.049
31R044,542,127,0.234,76,0.14,466,85.978,415,76.568
31R045,787,303,0.385,236,0.3,551,70.013,484,61.499
31R046,179,38,0.212,30,0.168,149,83.240,141,78.771
31R047,519,400,0.771,391,0.753,128,24.663,119,22.929
31R048,933,414,0.444,378,0.405,555,59.486,519,55.627
31R049,573,273,0.476,210,0.366,363,63.351,300,52.356
31R050,665,229,0.344,196,0.295,469,70.526,436,65.564
31R051,1333,657,0.493,557,0.418,776,58.215,676,50.713
31R052,547,210,0.384,168,0.307,379,69.287,337,61.609
31R053,737,261,0.354,221,0.3,516,70.014,476,64.586
31R054,722,301,0.417,249,0.345,473,65.512,421,58.310
31R055,498,94,0.189,71,0.143,427,85.743,404,81.124
31R056,572,100,0.175,89,0.156,483,84.441,472,82.517
31R057,466,150,0.322,86,0.185,380,81.545,316,67.811
31R058,642,247,0.385,209,0.326,433,67.445,395,61.526
31R059,235,99,0.421,83,0.353,152,64.681,136,57.872
31R060,679,192,0.283,166,0.244,513,75.552,487,71.723
31R061,995,523,0.526,436,0.438,559,56.181,472,47.437
31R062,443,101,0.228,86,0.194,357,80.587,342,77.201
31R063,447,273,0.611,250,0.559,197,44.072,174,38.926
31R064,427,321,0.752,295,0.691,132,30.913,106,24.824
31R065,350,138,0.394,115,0.329,235,67.143,212,60.571
31R068,374,116,0.31,89,0.238,285,76.203,258,68.984
31R069,826,340,0.412,279,0.338,547,66.223,486,58.838
31R072,1498,866,0.578,802,0.535,696,46.462,632,42.190
31R074,258,85,0.329,59,0.229,199,77.132,173,67.054
31R075,1358,584,0.43,542,0.399,816,60.088,774,56.996
31R078,568,171,0.301,111,0.195,457,80.458,397,69.894
31R080,1368,733,0.536,646,0.472,722,52.778,635,46.418
31R440,3138,2102,0.67,1921,0.612,1217,38.783,1036,33.015
31R445,1651,1135,0.687,995,0.603,656,39.733,516,31.254
31R450,2178,1626,0.747,1463,0.672,715,32.828,552,25.344
31R455,3725,2248,0.603,2087,0.56,1638,43.973,1477,39.651
31R460,3160,2322,0.735,2157,0.683,1003,31.741,838,26.519
31R470,173,84,0.486,53,0.306,120,69.364,89,51.445
31R600,731,484,0.662,434,0.594,297,40.629,247,33.789
31R605,1351,1223,0.905,1191,0.882,160,11.843,128,9.474
31R861,849,307,0.362,241,0.284,608,71.614,542,63.840
32K045,503,187,0.372,134,0.266,369,73.360,316,62.823
32K075,230,79,0.343,56,0.243,174,75.652,151,65.652
32K086,372,143,0.384,107,0.288,265,71.237,229,61.559
32K106,314,132,0.42,100,0.318,214,68.153,182,57.962
32K116,336,132,0.393,83,0.247,253,75.298,204,60.714
32K123,492,215,0.437,166,0.337,326,66.260,277,56.301
32K145,422,165,0.391,132,0.313,290,68.720,257,60.900
32K151,275,99,0.36,70,0.255,205,74.545,176,64.000
32K162,302,198,0.656,166,0.55,136,45.033,104,34.437
32K168,359,261,0.727,229,0.638,130,36.212,98,27.298
32K274,338,124,0.367,96,0.284,242,71.598,214,63.314
32K291,297,171,0.576,134,0.451,163,54.882,126,42.424
32K299,176,58,0.33,33,0.188,143,81.250,118,67.045
32K347,292,162,0.555,132,0.452,160,54.795,130,44.521
32K349,251,143,0.57,125,0.498,126,50.199,108,43.028
32K376,471,231,0.49,182,0.386,289,61.359,240,50.955
32K377,135,45,0.333,31,0.23,104,77.037,90,66.667
32K383,862,559,0.648,509,0.59,353,40.951,303,35.151
32K384,362,143,0.395,110,0.304,252,69.613,219,60.497
32K403,259,176,0.68,144,0.556,115,44.402,83,32.046
32K545,447,321,0.718,260,0.582,187,41.834,126,28.188
32K549,292,172,0.589,136,0.466,156,53.425,120,41.096
32K552,390,288,0.738,247,0.633,143,36.667,102,26.154
32K554,406,334,0.823,309,0.761,97,23.892,72,17.734
32K556,381,264,0.693,231,0.606,150,39.370,117,30.709
32K562,351,224,0.638,193,0.55,158,45.014,127,36.182
32K564,104,51,0.49,34,0.327,70,67.308,53,50.962
75K004,371,108,0.291,81,0.218,290,78.167,263,70.889
75K036,394,159,0.404,129,0.327,265,67.259,235,59.645
75K053,440,244,0.555,201,0.457,239,54.318,196,44.545
75K077,295,149,0.505,127,0.431,168,56.949,146,49.492
75K140,337,141,0.418,108,0.32,229,67.953,196,58.160
75K141,371,136,0.367,112,0.302,259,69.811,235,63.342
75K231,305,147,0.482,126,0.413,179,58.689,158,51.803
75K368,237,122,0.515,99,0.418,138,58.228,115,48.523
75K369,489,244,0.499,208,0.425,281,57.464,245,50.102
75K370,245,128,0.522,111,0.453,134,54.694,117,47.755
75K371,208,126,0.606,104,0.5,104,50.000,82,39.423
75K372,178,117,0.657,106,0.596,72,40.449,61,34.270
75K373,473,272,0.575,222,0.469,251,53.066,201,42.495
75K396,470,153,0.326,114,0.243,356,75.745,317,67.447
75K721,473,271,0.573,215,0.455,258,54.545,202,42.706
75K753,349,154,0.441,118,0.338,231,66.189,195,55.874
75K771,497,220,0.443,188,0.378,309,62.173,277,55.734
75K811,316,178,0.563,136,0.43,180,56.962,138,43.671
75M035,262,172,0.656,146,0.557,116,44.275,90,34.351
75M079,278,172,0.619,128,0.46,150,53.957,106,38.129
75M094,390,201,0.515,177,0.454,213,54.615,189,48.462
75M138,649,302,0.465,258,0.398,391,60.247,347,53.467
75M169,323,145,0.449,111,0.344,212,65.635,178,55.108
75M226,257,143,0.556,111,0.432,146,56.809,114,44.358
75M721,205,137,0.668,107,0.522,98,47.805,68,33.171
75M751,223,145,0.65,121,0.543,102,45.740,78,34.978
75M811,410,195,0.476,160,0.39,250,60.976,215,52.439
75Q004,482,233,0.483,204,0.423,278,57.676,249,51.660
75Q009,683,335,0.49,297,0.435,386,56.515,348,50.952
75Q023,280,188,0.671,171,0.611,109,38.929,92,32.857
75Q075,578,291,0.503,240,0.415,338,58.478,287,49.654
75Q177,502,351,0.699,280,0.558,222,44.223,151,30.080
75Q224,342,191,0.558,164,0.48,178,52.047,151,44.152
75Q233,509,294,0.578,238,0.468,271,53.242,215,42.240
75Q255,484,221,0.457,189,0.39,295,60.950,263,54.339
75Q256,506,198,0.391,158,0.312,348,68.775,308,60.870
75Q277,680,370,0.544,310,0.456,370,54.412,310,45.588
75Q721,496,375,0.756,297,0.599,199,40.121,121,24.395
75Q752,411,278,0.676,224,0.545,187,45.499,133,32.360
75Q811,441,267,0.605,225,0.51,216,48.980,174,39.456
75Q993,593,343,0.578,286,0.482,307,51.771,250,42.159
75R025,536,296,0.552,248,0.463,288,53.731,240,44.776
75R037,444,152,0.342,128,0.288,316,71.171,292,65.766
75R373,585,200,0.342,142,0.243,443,75.726,385,65.812
75R721,442,274,0.62,224,0.507,218,49.321,168,38.009
75X010,666,269,0.404,219,0.329,447,67.117,397,59.610
75X012,296,193,0.652,150,0.507,146,49.324,103,34.797
75X017,508,234,0.461,192,0.378,316,62.205,274,53.937
75X168,575,244,0.424,197,0.343,378,65.739,331,57.565
75X176,560,356,0.636,295,0.527,265,47.321,204,36.429
75X186,670,269,0.401,210,0.313,460,68.657,401,59.851
75X188,517,251,0.485,193,0.373,324,62.669,266,51.451
75X352,502,206,0.41,154,0.307,348,69.323,296,58.964
75X469,520,233,0.448,186,0.358,334,64.231,287,55.192
75X596,360,127,0.353,98,0.272,262,72.778,233,64.722
75X721,544,365,0.671,300,0.551,244,44.853,179,32.904
75X723,436,202,0.463,162,0.372,274,62.844,234,53.670
75X754,430,249,0.579,174,0.405,256,59.535,181,42.093
75X811,603,409,0.678,335,0.556,268,44.444,194,32.172
Total,822865,495740,0.602,434618,0.528,388247,47.182,327125,39.754
