School DBN,# of students over five active on register,# of students w/ at least one dose,% w/ at least one dose,# of students fully vaccinated,% fully vaccinated,# of students not fully vaccinated,% of students not fully vaccinated,# of students never vaccinated,% of students never vaccinated
01M015,169,62,0.367,53,0.314,116,0.686,107,0.633
01M019,168,79,0.47,65,0.387,103,0.613,89,0.530
01M020,307,159,0.518,123,0.401,184,0.599,148,0.482
01M034,244,99,0.406,71,0.291,173,0.709,145,0.594
01M063,161,76,0.472,58,0.36,103,0.640,85,0.528
01M064,185,77,0.416,66,0.357,119,0.643,108,0.584
01M110,296,164,0.554,153,0.517,143,0.483,132,0.446
01M134,165,58,0.352,41,0.248,124,0.752,107,0.648
01M140,325,158,0.486,126,0.388,199,0.612,167,0.514
01M142,283,101,0.357,75,0.265,208,0.735,182,0.643
01M184,674,579,0.859,545,0.809,129,0.191,95,0.141
01M188,377,141,0.374,104,0.276,273,0.724,236,0.626
01M292,284,203,0.715,180,0.634,104,0.366,81,0.285
01M315,282,220,0.78,206,0.73,76,0.270,62,0.220
01M332,191,136,0.712,114,0.597,77,0.403,55,0.288
01M361,252,168,0.667,142,0.563,110,0.437,84,0.333
01M363,221,178,0.805,156,0.706,65,0.294,43,0.195
01M364,219,125,0.571,111,0.507,108,0.493,94,0.429
01M378,170,107,0.629,90,0.529,80,0.471,63,0.371
01M448,510,409,0.802,380,0.745,130,0.255,101,0.198
01M450,693,562,0.811,528,0.762,165,0.238,131,0.189
01M458,125,72,0.576,47,0.376,78,0.624,53,0.424
01M515,469,292,0.623,215,0.458,254,0.542,177,0.377
01M539,1629,1435,0.881,1370,0.841,259,0.159,194,0.119
01M650,116,54,0.466,34,0.293,82,0.707,62,0.534
01M696,604,553,0.916,539,0.892,65,0.108,51,0.084
01M839,326,249,0.764,231,0.709,95,0.291,77,0.236
02M001,189,111,0.587,89,0.471,100,0.529,78,0.413
02M002,344,238,0.692,207,0.602,137,0.398,106,0.308
02M003,523,407,0.778,371,0.709,152,0.291,116,0.222
02M006,501,423,0.844,383,0.764,118,0.236,78,0.156
02M011,716,581,0.811,545,0.761,171,0.239,135,0.189
02M033,482,311,0.645,276,0.573,206,0.427,171,0.355
02M040,586,462,0.788,436,0.744,150,0.256,124,0.212
02M041,435,370,0.851,337,0.775,98,0.225,65,0.149
02M042,476,407,0.855,382,0.803,94,0.197,69,0.145
02M047,233,189,0.811,169,0.725,64,0.275,44,0.189
02M051,374,202,0.54,180,0.481,194,0.519,172,0.460
02M059,520,417,0.802,373,0.717,147,0.283,103,0.198
02M077,346,312,0.902,285,0.824,61,0.176,34,0.098
02M089,313,269,0.859,240,0.767,73,0.233,44,0.141
02M104,905,773,0.854,735,0.812,170,0.188,132,0.146
02M111,302,170,0.563,123,0.407,179,0.593,132,0.437
02M114,418,361,0.864,336,0.804,82,0.196,57,0.136
02M116,346,252,0.728,223,0.645,123,0.355,94,0.272
02M124,538,465,0.864,420,0.781,118,0.219,73,0.136
02M126,578,455,0.787,406,0.702,172,0.298,123,0.213
02M130,620,526,0.848,471,0.76,149,0.240,94,0.152
02M131,226,183,0.81,170,0.752,56,0.248,43,0.190
02M135,285,204,0.716,183,0.642,102,0.358,81,0.284
02M139,388,282,0.727,250,0.644,138,0.356,106,0.273
02M150,141,119,0.844,111,0.787,30,0.213,22,0.156
02M151,338,241,0.713,217,0.642,121,0.358,97,0.287
02M158,599,480,0.801,432,0.721,167,0.279,119,0.199
02M167,1144,964,0.843,912,0.797,232,0.203,180,0.157
02M177,221,180,0.814,175,0.792,46,0.208,41,0.186
02M183,479,435,0.908,392,0.818,87,0.182,44,0.092
02M198,387,277,0.716,252,0.651,135,0.349,110,0.284
02M212,257,179,0.696,162,0.63,95,0.370,78,0.304
02M217,655,505,0.771,470,0.718,185,0.282,150,0.229
02M225,290,209,0.721,196,0.676,94,0.324,81,0.279
02M234,453,409,0.903,376,0.83,77,0.170,44,0.097
02M255,337,302,0.896,289,0.858,48,0.142,35,0.104
02M260,767,709,0.924,678,0.884,89,0.116,58,0.076
02M267,379,304,0.802,272,0.718,107,0.282,75,0.198
02M276,712,597,0.838,559,0.785,153,0.215,115,0.162
02M280,461,357,0.774,323,0.701,138,0.299,104,0.226
02M281,397,302,0.761,276,0.695,121,0.305,95,0.239
02M282,503,409,0.813,380,0.755,123,0.245,94,0.187
02M288,421,314,0.746,289,0.686,132,0.314,107,0.254
02M289,234,208,0.889,195,0.833,39,0.167,26,0.111
02M290,361,293,0.812,273,0.756,88,0.244,68,0.188
02M294,348,284,0.816,267,0.767,81,0.233,64,0.184
02M296,233,171,0.734,147,0.631,86,0.369,62,0.266
02M297,602,473,0.786,431,0.716,171,0.284,129,0.214
02M298,558,435,0.78,398,0.713,160,0.287,123,0.220
02M300,244,175,0.717,156,0.639,88,0.361,69,0.283
02M303,325,233,0.717,206,0.634,119,0.366,92,0.283
02M305,328,249,0.759,219,0.668,109,0.332,79,0.241
02M308,341,249,0.73,222,0.651,119,0.349,92,0.270
02M312,534,487,0.912,467,0.875,67,0.125,47,0.088
02M313,144,63,0.438,41,0.285,103,0.715,81,0.562
02M316,111,82,0.739,72,0.649,39,0.351,29,0.261
02M340,276,219,0.793,201,0.728,75,0.272,57,0.207
02M343,331,252,0.761,229,0.692,102,0.308,79,0.239
02M347,147,100,0.68,84,0.571,63,0.429,47,0.320
02M374,504,394,0.782,360,0.714,144,0.286,110,0.218
02M376,466,434,0.931,415,0.891,51,0.109,32,0.069
02M392,391,264,0.675,216,0.552,175,0.448,127,0.325
02M393,457,321,0.702,275,0.602,182,0.398,136,0.298
02M394,274,168,0.613,111,0.405,163,0.595,106,0.387
02M397,414,359,0.867,343,0.829,71,0.171,55,0.133
02M399,204,157,0.77,135,0.662,69,0.338,47,0.230
02M400,1089,907,0.833,841,0.772,248,0.228,182,0.167
02M407,487,431,0.885,414,0.85,73,0.150,56,0.115
02M408,542,467,0.862,446,0.823,96,0.177,75,0.138
02M411,480,453,0.944,444,0.925,36,0.075,27,0.056
02M412,486,449,0.924,439,0.903,47,0.097,37,0.076
02M413,716,643,0.898,621,0.867,95,0.133,73,0.102
02M414,492,450,0.915,432,0.878,60,0.122,42,0.085
02M416,538,500,0.929,485,0.901,53,0.099,38,0.071
02M418,645,590,0.915,580,0.899,65,0.101,55,0.085
02M419,342,254,0.743,222,0.649,120,0.351,88,0.257
02M420,1677,1392,0.83,1314,0.784,363,0.216,285,0.170
02M422,551,410,0.744,383,0.695,168,0.305,141,0.256
02M425,277,220,0.794,188,0.679,89,0.321,57,0.206
02M427,222,166,0.748,122,0.55,100,0.450,56,0.252
02M432,245,196,0.8,177,0.722,68,0.278,49,0.200
02M437,300,225,0.75,200,0.667,100,0.333,75,0.250
02M438,317,225,0.71,188,0.593,129,0.407,92,0.290
02M439,434,388,0.894,372,0.857,62,0.143,46,0.106
02M442,125,109,0.872,104,0.832,21,0.168,16,0.128
02M449,409,317,0.775,298,0.729,111,0.271,92,0.225
02M459,323,230,0.712,198,0.613,125,0.387,93,0.288
02M475,3313,3133,0.946,3065,0.925,248,0.075,180,0.054
02M489,700,559,0.799,513,0.733,187,0.267,141,0.201
02M500,313,245,0.783,209,0.668,104,0.332,68,0.217
02M507,445,349,0.784,319,0.717,126,0.283,96,0.216
02M519,480,409,0.852,390,0.813,90,0.188,71,0.148
02M520,113,70,0.619,63,0.558,50,0.442,43,0.381
02M527,440,359,0.816,309,0.702,131,0.298,81,0.184
02M529,195,150,0.769,133,0.682,62,0.318,45,0.231
02M531,233,202,0.867,196,0.841,37,0.159,31,0.133
02M533,428,351,0.82,334,0.78,94,0.220,77,0.180
02M534,412,328,0.796,300,0.728,112,0.272,84,0.204
02M542,477,398,0.834,357,0.748,120,0.252,79,0.166
02M543,484,361,0.746,323,0.667,161,0.333,123,0.254
02M544,313,149,0.476,92,0.294,221,0.706,164,0.524
02M545,373,343,0.92,332,0.89,41,0.110,30,0.080
02M546,442,339,0.767,317,0.717,125,0.283,103,0.233
02M550,425,253,0.595,168,0.395,257,0.605,172,0.405
02M551,512,409,0.799,387,0.756,125,0.244,103,0.201
02M560,501,300,0.599,221,0.441,280,0.559,201,0.401
02M565,151,125,0.828,110,0.728,41,0.272,26,0.172
02M570,174,87,0.5,52,0.299,122,0.701,87,0.500
02M575,638,296,0.464,170,0.266,468,0.734,342,0.536
02M580,278,213,0.766,191,0.687,87,0.313,65,0.234
02M586,66,42,0.636,30,0.455,36,0.545,24,0.364
02M600,1662,1281,0.771,1181,0.711,481,0.289,381,0.229
02M605,255,219,0.859,199,0.78,56,0.220,36,0.141
02M615,426,325,0.763,297,0.697,129,0.303,101,0.237
02M630,1500,1242,0.828,1191,0.794,309,0.206,258,0.172
02M655,329,231,0.702,210,0.638,119,0.362,98,0.298
02M896,343,291,0.848,275,0.802,68,0.198,52,0.152
02M933,120,71,0.592,57,0.475,63,0.525,49,0.408
03M009,457,383,0.838,361,0.79,96,0.210,74,0.162
03M054,758,666,0.879,623,0.822,135,0.178,92,0.121
03M075,443,279,0.63,229,0.517,214,0.483,164,0.370
03M076,266,139,0.523,102,0.383,164,0.617,127,0.477
03M084,480,364,0.758,316,0.658,164,0.342,116,0.242
03M087,624,535,0.857,507,0.813,117,0.188,89,0.143
03M145,347,158,0.455,129,0.372,218,0.628,189,0.545
03M149,241,109,0.452,87,0.361,154,0.639,132,0.548
03M163,386,251,0.65,223,0.578,163,0.422,135,0.350
03M165,316,172,0.544,141,0.446,175,0.554,144,0.456
03M166,588,495,0.842,464,0.789,124,0.211,93,0.158
03M180,339,188,0.555,155,0.457,184,0.543,151,0.445
03M185,234,92,0.393,76,0.325,158,0.675,142,0.607
03M191,439,205,0.467,159,0.362,280,0.638,234,0.533
03M199,549,465,0.847,443,0.807,106,0.193,84,0.153
03M241,94,31,0.33,27,0.287,67,0.713,63,0.670
03M242,115,46,0.4,31,0.27,84,0.730,69,0.600
03M243,259,221,0.853,215,0.83,44,0.170,38,0.147
03M245,368,309,0.84,287,0.78,81,0.220,59,0.160
03M247,207,160,0.773,151,0.729,56,0.271,47,0.227
03M250,95,56,0.589,46,0.484,49,0.516,39,0.411
03M256,152,110,0.724,100,0.658,52,0.342,42,0.276
03M258,173,126,0.728,116,0.671,57,0.329,47,0.272
03M291,714,634,0.888,598,0.838,116,0.162,80,0.112
03M299,120,85,0.708,73,0.608,47,0.392,35,0.292
03M307,359,274,0.763,244,0.68,115,0.320,85,0.237
03M333,499,376,0.754,364,0.729,135,0.271,123,0.246
03M334,509,455,0.894,428,0.841,81,0.159,54,0.106
03M402,258,202,0.783,183,0.709,75,0.291,56,0.217
03M403,414,302,0.729,266,0.643,148,0.357,112,0.271
03M404,105,60,0.571,37,0.352,68,0.648,45,0.429
03M415,381,260,0.682,229,0.601,152,0.399,121,0.318
03M417,403,362,0.898,346,0.859,57,0.141,41,0.102
03M421,157,87,0.554,76,0.484,81,0.516,70,0.446
03M452,310,228,0.735,208,0.671,102,0.329,82,0.265
03M479,1496,1386,0.926,1333,0.891,163,0.109,110,0.074
03M485,2350,2114,0.9,2019,0.859,331,0.141,236,0.100
03M492,396,288,0.727,251,0.634,145,0.366,108,0.273
03M494,439,315,0.718,287,0.654,152,0.346,124,0.282
03M505,197,106,0.538,68,0.345,129,0.655,91,0.462
03M541,434,392,0.903,376,0.866,58,0.134,42,0.097
03M859,294,258,0.878,242,0.823,52,0.177,36,0.122
03M860,351,208,0.593,179,0.51,172,0.490,143,0.407
03M862,360,270,0.75,253,0.703,107,0.297,90,0.250
04M007,285,123,0.432,95,0.333,190,0.667,162,0.568
04M012,534,445,0.833,410,0.768,124,0.232,89,0.167
04M037,188,79,0.42,59,0.314,129,0.686,109,0.580
04M038,147,35,0.238,25,0.17,122,0.830,112,0.762
04M057,534,278,0.521,230,0.431,304,0.569,256,0.479
04M072,515,265,0.515,207,0.402,308,0.598,250,0.485
04M083,305,125,0.41,103,0.338,202,0.662,180,0.590
04M096,334,171,0.512,128,0.383,206,0.617,163,0.488
04M102,136,68,0.5,49,0.36,87,0.640,68,0.500
04M108,345,157,0.455,123,0.357,222,0.643,188,0.545
04M112,185,90,0.486,71,0.384,114,0.616,95,0.514
04M146,283,92,0.325,67,0.237,216,0.763,191,0.675
04M155,182,46,0.253,34,0.187,148,0.813,136,0.747
04M171,679,364,0.536,329,0.485,350,0.515,315,0.464
04M182,221,114,0.516,96,0.434,125,0.566,107,0.484
04M206,450,276,0.613,239,0.531,211,0.469,174,0.387
04M224,178,129,0.725,114,0.64,64,0.360,49,0.275
04M310,129,86,0.667,65,0.504,64,0.496,43,0.333
04M372,465,315,0.677,274,0.589,191,0.411,150,0.323
04M375,170,49,0.288,33,0.194,137,0.806,121,0.712
04M377,184,107,0.582,84,0.457,100,0.543,77,0.418
04M435,1547,1355,0.876,1286,0.831,261,0.169,192,0.124
04M495,358,308,0.86,296,0.827,62,0.173,50,0.140
04M497,132,81,0.614,74,0.561,58,0.439,51,0.386
04M555,503,449,0.893,427,0.849,76,0.151,54,0.107
04M610,454,372,0.819,348,0.767,106,0.233,82,0.181
04M680,301,206,0.684,193,0.641,108,0.359,95,0.316
04M825,310,189,0.61,169,0.545,141,0.455,121,0.390
04M964,366,235,0.642,185,0.505,181,0.495,131,0.358
05M030,148,63,0.426,45,0.304,103,0.696,85,0.574
05M036,228,84,0.368,61,0.268,167,0.732,144,0.632
05M046,440,166,0.377,119,0.27,321,0.730,274,0.623
05M092,191,57,0.298,38,0.199,153,0.801,134,0.702
05M123,372,161,0.433,98,0.263,274,0.737,211,0.567
05M125,250,152,0.608,133,0.532,117,0.468,98,0.392
05M129,199,82,0.412,66,0.332,133,0.668,117,0.588
05M133,167,71,0.425,52,0.311,115,0.689,96,0.575
05M148,250,142,0.568,118,0.472,132,0.528,108,0.432
05M154,180,68,0.378,52,0.289,128,0.711,112,0.622
05M157,176,97,0.551,82,0.466,94,0.534,79,0.449
05M161,615,302,0.491,219,0.356,396,0.644,313,0.509
05M175,248,91,0.367,59,0.238,189,0.762,157,0.633
05M194,155,46,0.297,33,0.213,122,0.787,109,0.703
05M197,186,61,0.328,37,0.199,149,0.801,125,0.672
05M200,254,78,0.307,52,0.205,202,0.795,176,0.693
05M285,160,84,0.525,59,0.369,101,0.631,76,0.475
05M286,78,34,0.436,29,0.372,49,0.628,44,0.564
05M304,194,120,0.619,105,0.541,89,0.459,74,0.381
05M318,177,67,0.379,54,0.305,123,0.695,110,0.621
05M362,647,570,0.881,552,0.853,95,0.147,77,0.119
05M369,318,200,0.629,172,0.541,146,0.459,118,0.371
05M371,118,47,0.398,34,0.288,84,0.712,71,0.602
05M499,872,552,0.633,476,0.546,396,0.454,320,0.367
05M514,100,51,0.51,42,0.42,58,0.580,49,0.490
05M517,316,196,0.62,168,0.532,148,0.468,120,0.380
05M670,506,319,0.63,267,0.528,239,0.472,187,0.370
05M692,519,489,0.942,483,0.931,36,0.069,30,0.058
06M004,390,152,0.39,112,0.287,278,0.713,238,0.610
06M005,399,171,0.429,145,0.363,254,0.637,228,0.571
06M008,318,152,0.478,127,0.399,191,0.601,166,0.522
06M018,284,156,0.549,110,0.387,174,0.613,128,0.451
06M028,391,150,0.384,110,0.281,281,0.719,241,0.616
06M048,298,118,0.396,94,0.315,204,0.685,180,0.604
06M052,192,134,0.698,120,0.625,72,0.375,58,0.302
06M098,248,85,0.343,59,0.238,189,0.762,163,0.657
06M103,407,249,0.612,209,0.514,198,0.486,158,0.388
06M115,361,147,0.407,110,0.305,251,0.695,214,0.593
06M128,445,205,0.461,163,0.366,282,0.634,240,0.539
06M132,156,52,0.333,33,0.212,123,0.788,104,0.667
06M143,206,129,0.626,103,0.5,103,0.500,77,0.374
06M152,414,152,0.367,110,0.266,304,0.734,262,0.633
06M153,340,123,0.362,98,0.288,242,0.712,217,0.638
06M173,322,109,0.339,84,0.261,238,0.739,213,0.661
06M178,254,128,0.504,109,0.429,145,0.571,126,0.496
06M187,729,514,0.705,472,0.647,257,0.353,215,0.295
06M189,439,165,0.376,109,0.248,330,0.752,274,0.624
06M192,252,89,0.353,66,0.262,186,0.738,163,0.647
06M209,314,234,0.745,205,0.653,109,0.347,80,0.255
06M210,397,203,0.511,155,0.39,242,0.610,194,0.489
06M211,403,314,0.779,273,0.677,130,0.323,89,0.221
06M223,248,187,0.754,173,0.698,75,0.302,61,0.246
06M278,407,235,0.577,211,0.518,196,0.482,172,0.423
06M293,580,474,0.817,439,0.757,141,0.243,106,0.183
06M311,393,215,0.547,191,0.486,202,0.514,178,0.453
06M314,241,182,0.755,170,0.705,71,0.295,59,0.245
06M319,276,185,0.67,162,0.587,114,0.413,91,0.330
06M322,268,159,0.593,133,0.496,135,0.504,109,0.407
06M324,274,181,0.661,153,0.558,121,0.442,93,0.339
06M328,148,96,0.649,91,0.615,57,0.385,52,0.351
06M346,628,452,0.72,408,0.65,220,0.350,176,0.280
06M348,905,608,0.672,546,0.603,359,0.397,297,0.328
06M349,77,52,0.675,36,0.468,41,0.532,25,0.325
06M366,463,241,0.521,206,0.445,257,0.555,222,0.479
06M368,180,100,0.556,87,0.483,93,0.517,80,0.444
06M423,147,92,0.626,70,0.476,77,0.524,55,0.374
06M462,286,205,0.717,178,0.622,108,0.378,81,0.283
06M463,326,215,0.66,188,0.577,138,0.423,111,0.340
06M467,373,259,0.694,223,0.598,150,0.402,114,0.306
06M468,367,259,0.706,235,0.64,132,0.360,108,0.294
06M513,181,119,0.657,99,0.547,82,0.453,62,0.343
06M528,236,138,0.585,107,0.453,129,0.547,98,0.415
06M540,1404,1086,0.774,958,0.682,446,0.318,318,0.226
06M552,535,382,0.714,326,0.609,209,0.391,153,0.286
07X001,423,147,0.348,100,0.236,323,0.764,276,0.652
07X005,543,240,0.442,175,0.322,368,0.678,303,0.558
07X018,356,121,0.34,86,0.242,270,0.758,235,0.660
07X025,449,162,0.361,106,0.236,343,0.764,287,0.639
07X029,684,258,0.377,189,0.276,495,0.724,426,0.623
07X030,389,117,0.301,83,0.213,306,0.787,272,0.699
07X031,614,268,0.436,208,0.339,406,0.661,346,0.564
07X043,270,101,0.374,60,0.222,210,0.778,169,0.626
07X049,486,152,0.313,108,0.222,378,0.778,334,0.687
07X065,225,71,0.316,42,0.187,183,0.813,154,0.684
07X154,229,80,0.349,62,0.271,167,0.729,149,0.651
07X157,449,142,0.316,95,0.212,354,0.788,307,0.684
07X161,294,113,0.384,69,0.235,225,0.765,181,0.616
07X179,196,62,0.316,36,0.184,160,0.816,134,0.684
07X221,627,434,0.692,371,0.592,256,0.408,193,0.308
07X223,642,482,0.751,438,0.682,204,0.318,160,0.249
07X224,232,134,0.578,109,0.47,123,0.530,98,0.422
07X259,649,453,0.698,399,0.615,250,0.385,196,0.302
07X277,274,93,0.339,48,0.175,226,0.825,181,0.661
07X296,221,119,0.538,96,0.434,125,0.566,102,0.462
07X298,164,99,0.604,81,0.494,83,0.506,65,0.396
07X334,361,246,0.681,200,0.554,161,0.446,115,0.319
07X343,292,171,0.586,148,0.507,144,0.493,121,0.414
07X359,208,79,0.38,55,0.264,153,0.736,129,0.620
07X369,193,72,0.373,46,0.238,147,0.762,121,0.627
07X379,170,69,0.406,53,0.312,117,0.688,101,0.594
07X381,97,46,0.474,24,0.247,73,0.753,51,0.526
07X427,283,203,0.717,178,0.629,105,0.371,80,0.283
07X473,193,121,0.627,101,0.523,92,0.477,72,0.373
07X495,565,486,0.86,454,0.804,111,0.196,79,0.140
07X500,535,408,0.763,368,0.688,167,0.312,127,0.237
07X522,249,162,0.651,132,0.53,117,0.470,87,0.349
07X527,443,316,0.713,266,0.6,177,0.400,127,0.287
07X548,487,320,0.657,257,0.528,230,0.472,167,0.343
07X551,527,305,0.579,260,0.493,267,0.507,222,0.421
07X557,226,130,0.575,99,0.438,127,0.562,96,0.425
07X584,223,125,0.561,100,0.448,123,0.552,98,0.439
07X600,426,294,0.69,263,0.617,163,0.383,132,0.310
07X625,113,82,0.726,74,0.655,39,0.345,31,0.274
07X670,286,200,0.699,170,0.594,116,0.406,86,0.301
08X014,547,166,0.303,124,0.227,423,0.773,381,0.697
08X036,678,304,0.448,231,0.341,447,0.659,374,0.552
08X048,431,145,0.336,96,0.223,335,0.777,286,0.664
08X062,450,162,0.36,111,0.247,339,0.753,288,0.640
08X069,486,173,0.356,107,0.22,379,0.780,313,0.644
08X071,1254,531,0.423,450,0.359,804,0.641,723,0.577
08X072,580,214,0.369,172,0.297,408,0.703,366,0.631
08X075,414,159,0.384,114,0.275,300,0.725,255,0.616
08X093,267,85,0.318,57,0.213,210,0.787,182,0.682
08X100,401,162,0.404,115,0.287,286,0.713,239,0.596
08X101,533,326,0.612,295,0.553,238,0.447,207,0.388
08X107,448,146,0.326,98,0.219,350,0.781,302,0.674
08X119,546,253,0.463,190,0.348,356,0.652,293,0.537
08X123,547,323,0.59,275,0.503,272,0.497,224,0.410
08X130,286,96,0.336,73,0.255,213,0.745,190,0.664
08X131,345,194,0.562,158,0.458,187,0.542,151,0.438
08X138,472,165,0.35,122,0.258,350,0.742,307,0.650
08X140,380,175,0.461,135,0.355,245,0.645,205,0.539
08X146,321,135,0.421,89,0.277,232,0.723,186,0.579
08X152,666,265,0.398,206,0.309,460,0.691,401,0.602
08X182,457,163,0.357,105,0.23,352,0.770,294,0.643
08X269,616,435,0.706,383,0.622,233,0.378,181,0.294
08X282,194,105,0.541,93,0.479,101,0.521,89,0.459
08X293,411,273,0.664,243,0.591,168,0.409,138,0.336
08X301,174,96,0.552,82,0.471,92,0.529,78,0.448
08X302,398,221,0.555,186,0.467,212,0.533,177,0.445
08X304,464,183,0.394,144,0.31,320,0.690,281,0.606
08X312,381,264,0.693,233,0.612,148,0.388,117,0.307
08X320,322,221,0.686,195,0.606,127,0.394,101,0.314
08X333,492,190,0.386,138,0.28,354,0.720,302,0.614
08X337,437,280,0.641,243,0.556,194,0.444,157,0.359
08X348,347,210,0.605,185,0.533,162,0.467,137,0.395
08X349,420,308,0.733,272,0.648,148,0.352,112,0.267
08X367,552,346,0.627,297,0.538,255,0.462,206,0.373
08X371,356,219,0.615,191,0.537,165,0.463,137,0.385
08X375,192,85,0.443,65,0.339,127,0.661,107,0.557
08X376,404,252,0.624,208,0.515,196,0.485,152,0.376
08X377,91,44,0.484,30,0.33,61,0.670,47,0.516
08X392,371,135,0.364,98,0.264,273,0.736,236,0.636
08X405,1008,698,0.692,610,0.605,398,0.395,310,0.308
08X424,284,162,0.57,126,0.444,158,0.556,122,0.430
08X432,323,220,0.681,182,0.563,141,0.437,103,0.319
08X448,346,204,0.59,168,0.486,178,0.514,142,0.410
08X452,304,180,0.592,142,0.467,162,0.533,124,0.408
08X467,349,175,0.501,143,0.41,206,0.590,174,0.499
08X530,347,254,0.732,222,0.64,125,0.360,93,0.268
08X537,157,72,0.459,42,0.268,115,0.732,85,0.541
08X558,451,324,0.718,290,0.643,161,0.357,127,0.282
08X561,378,237,0.627,195,0.516,183,0.484,141,0.373
08X562,530,339,0.64,293,0.553,237,0.447,191,0.360
08X583,318,148,0.465,118,0.371,200,0.629,170,0.535
09X004,332,118,0.355,82,0.247,250,0.753,214,0.645
09X011,397,125,0.315,90,0.227,307,0.773,272,0.685
09X022,318,176,0.553,140,0.44,178,0.560,142,0.447
09X028,562,231,0.411,175,0.311,387,0.689,331,0.589
09X035,451,190,0.421,127,0.282,324,0.718,261,0.579
09X042,298,108,0.362,69,0.232,229,0.768,190,0.638
09X053,642,213,0.332,141,0.22,501,0.780,429,0.668
09X055,446,130,0.291,93,0.209,353,0.791,316,0.709
09X058,299,107,0.358,55,0.184,244,0.816,192,0.642
09X063,379,109,0.288,72,0.19,307,0.810,270,0.712
09X070,782,291,0.372,205,0.262,577,0.738,491,0.628
09X073,289,102,0.353,72,0.249,217,0.751,187,0.647
09X088,92,22,0.239,17,0.185,75,0.815,70,0.761
09X109,405,129,0.319,93,0.23,312,0.770,276,0.681
09X110,316,97,0.307,70,0.222,246,0.778,219,0.693
09X114,483,190,0.393,121,0.251,362,0.749,293,0.607
09X117,400,243,0.608,208,0.52,192,0.480,157,0.393
09X126,467,153,0.328,99,0.212,368,0.788,314,0.672
09X128,316,216,0.684,186,0.589,130,0.411,100,0.316
09X132,309,79,0.256,52,0.168,257,0.832,230,0.744
09X163,269,103,0.383,65,0.242,204,0.758,166,0.617
09X170,161,49,0.304,27,0.168,134,0.832,112,0.696
09X199,493,163,0.331,110,0.223,383,0.777,330,0.669
09X204,513,205,0.4,145,0.283,368,0.717,308,0.600
09X215,277,149,0.538,125,0.451,152,0.549,128,0.462
09X218,874,480,0.549,388,0.444,486,0.556,394,0.451
09X219,249,140,0.562,115,0.462,134,0.538,109,0.438
09X227,375,288,0.768,253,0.675,122,0.325,87,0.232
09X229,181,84,0.464,70,0.387,111,0.613,97,0.536
09X231,460,303,0.659,260,0.565,200,0.435,157,0.341
09X232,327,189,0.578,151,0.462,176,0.538,138,0.422
09X236,215,75,0.349,51,0.237,164,0.763,140,0.651
09X241,586,399,0.681,337,0.575,249,0.425,187,0.319
09X250,371,283,0.763,255,0.687,116,0.313,88,0.237
09X252,323,230,0.712,211,0.653,112,0.347,93,0.288
09X260,396,307,0.775,278,0.702,118,0.298,89,0.225
09X263,272,200,0.735,175,0.643,97,0.357,72,0.265
09X274,415,135,0.325,90,0.217,325,0.783,280,0.675
09X294,419,128,0.305,86,0.205,333,0.795,291,0.695
09X297,449,320,0.713,279,0.621,170,0.379,129,0.287
09X303,311,198,0.637,162,0.521,149,0.479,113,0.363
09X311,273,127,0.465,84,0.308,189,0.692,146,0.535
09X313,214,118,0.551,100,0.467,114,0.533,96,0.449
09X323,313,175,0.559,145,0.463,168,0.537,138,0.441
09X324,401,278,0.693,254,0.633,147,0.367,123,0.307
09X327,658,485,0.737,440,0.669,218,0.331,173,0.263
09X328,225,128,0.569,107,0.476,118,0.524,97,0.431
09X329,319,203,0.636,175,0.549,144,0.451,116,0.364
09X339,223,131,0.587,110,0.493,113,0.507,92,0.413
09X350,131,76,0.58,64,0.489,67,0.511,55,0.420
09X361,371,238,0.642,188,0.507,183,0.493,133,0.358
09X365,381,273,0.717,235,0.617,146,0.383,108,0.283
09X403,340,232,0.682,196,0.576,144,0.424,108,0.318
09X404,118,67,0.568,55,0.466,63,0.534,51,0.432
09X412,291,204,0.701,169,0.581,122,0.419,87,0.299
09X413,465,342,0.735,303,0.652,162,0.348,123,0.265
09X443,383,117,0.305,86,0.225,297,0.775,266,0.695
09X449,351,136,0.387,103,0.293,248,0.707,215,0.613
09X454,368,226,0.614,201,0.546,167,0.454,142,0.386
09X457,405,165,0.407,101,0.249,304,0.751,240,0.593
09X505,724,531,0.733,476,0.657,248,0.343,193,0.267
09X517,254,169,0.665,131,0.516,123,0.484,85,0.335
09X525,343,243,0.708,202,0.589,141,0.411,100,0.292
09X543,164,108,0.659,89,0.543,75,0.457,56,0.341
09X555,375,147,0.392,122,0.325,253,0.675,228,0.608
09X564,357,233,0.653,186,0.521,171,0.479,124,0.347
09X568,529,406,0.767,365,0.69,164,0.310,123,0.233
09X593,148,99,0.669,84,0.568,64,0.432,49,0.331
09X594,199,110,0.553,92,0.462,107,0.538,89,0.447
10X003,274,134,0.489,115,0.42,159,0.580,140,0.511
10X007,423,166,0.392,122,0.288,301,0.712,257,0.608
10X008,706,278,0.394,217,0.307,489,0.693,428,0.606
10X009,615,224,0.364,161,0.262,454,0.738,391,0.636
10X015,401,214,0.534,175,0.436,226,0.564,187,0.466
10X020,789,352,0.446,271,0.343,518,0.657,437,0.554
10X023,341,123,0.361,90,0.264,251,0.736,218,0.639
10X024,719,471,0.655,421,0.586,298,0.414,248,0.345
10X032,587,223,0.38,158,0.269,429,0.731,364,0.620
10X033,707,276,0.39,181,0.256,526,0.744,431,0.610
10X037,496,217,0.438,170,0.343,326,0.657,279,0.562
10X045,561,338,0.602,299,0.533,262,0.467,223,0.398
10X046,665,275,0.414,196,0.295,469,0.705,390,0.586
10X051,126,50,0.397,34,0.27,92,0.730,76,0.603
10X054,346,119,0.344,82,0.237,264,0.763,227,0.656
10X056,617,267,0.433,215,0.348,402,0.652,350,0.567
10X059,413,135,0.327,88,0.213,325,0.787,278,0.673
10X077,481,206,0.428,157,0.326,324,0.674,275,0.572
10X080,570,300,0.526,246,0.432,324,0.568,270,0.474
10X081,683,376,0.551,320,0.469,363,0.531,307,0.449
10X085,667,290,0.435,210,0.315,457,0.685,377,0.565
10X086,1329,472,0.355,347,0.261,982,0.739,857,0.645
10X091,444,162,0.365,111,0.25,333,0.750,282,0.635
10X094,922,361,0.392,265,0.287,657,0.713,561,0.608
10X095,981,462,0.471,380,0.387,601,0.613,519,0.529
10X118,770,529,0.687,459,0.596,311,0.404,241,0.313
10X141,1423,1051,0.739,976,0.686,447,0.314,372,0.261
10X159,154,58,0.377,41,0.266,113,0.734,96,0.623
10X205,693,267,0.385,205,0.296,488,0.704,426,0.615
10X206,207,118,0.57,92,0.444,115,0.556,89,0.430
10X207,323,90,0.279,66,0.204,257,0.796,233,0.721
10X209,195,49,0.251,38,0.195,157,0.805,146,0.749
10X213,384,268,0.698,232,0.604,152,0.396,116,0.302
10X225,533,365,0.685,324,0.608,209,0.392,168,0.315
10X226,314,94,0.299,66,0.21,248,0.790,220,0.701
10X228,264,185,0.701,170,0.644,94,0.356,79,0.299
10X237,307,217,0.707,189,0.616,118,0.384,90,0.293
10X243,646,449,0.695,407,0.63,239,0.370,197,0.305
10X244,637,417,0.655,346,0.543,291,0.457,220,0.345
10X246,541,195,0.36,142,0.262,399,0.738,346,0.640
10X254,452,267,0.591,225,0.498,227,0.502,185,0.409
10X264,423,299,0.707,270,0.638,153,0.362,124,0.293
10X268,276,171,0.62,138,0.5,138,0.500,105,0.380
10X279,775,359,0.463,281,0.363,494,0.637,416,0.537
10X280,725,315,0.434,250,0.345,475,0.655,410,0.566
10X284,321,210,0.654,175,0.545,146,0.455,111,0.346
10X291,451,171,0.379,105,0.233,346,0.767,280,0.621
10X306,493,163,0.331,127,0.258,366,0.742,330,0.669
10X307,252,122,0.484,84,0.333,168,0.667,130,0.516
10X308,249,149,0.598,127,0.51,122,0.490,100,0.402
10X310,481,154,0.32,100,0.208,381,0.792,327,0.680
10X315,196,104,0.531,84,0.429,112,0.571,92,0.469
10X319,138,59,0.428,31,0.225,107,0.775,79,0.572
10X331,401,218,0.544,184,0.459,217,0.541,183,0.456
10X340,449,161,0.359,122,0.272,327,0.728,288,0.641
10X342,475,342,0.72,285,0.6,190,0.400,133,0.280
10X344,306,150,0.49,129,0.422,177,0.578,156,0.510
10X351,501,340,0.679,296,0.591,205,0.409,161,0.321
10X353,591,467,0.79,428,0.724,163,0.276,124,0.210
10X360,316,97,0.307,59,0.187,257,0.813,219,0.693
10X363,719,462,0.643,404,0.562,315,0.438,257,0.357
10X368,937,685,0.731,599,0.639,338,0.361,252,0.269
10X374,376,282,0.75,246,0.654,130,0.346,94,0.250
10X382,238,84,0.353,56,0.235,182,0.765,154,0.647
10X386,395,152,0.385,112,0.284,283,0.716,243,0.615
10X390,471,282,0.599,243,0.516,228,0.484,189,0.401
10X391,365,202,0.553,164,0.449,201,0.551,163,0.447
10X396,212,85,0.401,59,0.278,153,0.722,127,0.599
10X397,270,181,0.67,144,0.533,126,0.467,89,0.330
10X433,387,282,0.729,241,0.623,146,0.377,105,0.271
10X434,387,297,0.767,276,0.713,111,0.287,90,0.233
10X437,389,300,0.771,273,0.702,116,0.298,89,0.229
10X438,396,290,0.732,261,0.659,135,0.341,106,0.268
10X439,395,293,0.742,263,0.666,132,0.334,102,0.258
10X440,997,721,0.723,657,0.659,340,0.341,276,0.277
10X442,424,356,0.84,333,0.785,91,0.215,68,0.160
10X445,2974,2809,0.945,2750,0.925,224,0.075,165,0.055
10X447,436,280,0.642,241,0.553,195,0.447,156,0.358
10X477,436,350,0.803,323,0.741,113,0.259,86,0.197
10X524,324,219,0.676,173,0.534,151,0.466,105,0.324
10X546,256,167,0.652,139,0.543,117,0.457,89,0.348
10X549,410,309,0.754,278,0.678,132,0.322,101,0.246
10X565,416,284,0.683,236,0.567,180,0.433,132,0.317
10X696,405,375,0.926,363,0.896,42,0.104,30,0.074
11X016,254,107,0.421,79,0.311,175,0.689,147,0.579
11X019,577,259,0.449,218,0.378,359,0.622,318,0.551
11X021,504,166,0.329,120,0.238,384,0.762,338,0.671
11X041,651,225,0.346,156,0.24,495,0.760,426,0.654
11X068,431,149,0.346,107,0.248,324,0.752,282,0.654
11X076,690,240,0.348,166,0.241,524,0.759,450,0.652
11X078,580,197,0.34,150,0.259,430,0.741,383,0.660
11X083,1635,586,0.358,474,0.29,1161,0.710,1049,0.642
11X087,345,111,0.322,84,0.243,261,0.757,234,0.678
11X089,1241,536,0.432,413,0.333,828,0.667,705,0.568
11X096,791,226,0.286,163,0.206,628,0.794,565,0.714
11X097,471,195,0.414,161,0.342,310,0.658,276,0.586
11X103,740,275,0.372,196,0.265,544,0.735,465,0.628
11X105,700,244,0.349,182,0.26,518,0.740,456,0.651
11X106,845,451,0.534,374,0.443,471,0.557,394,0.466
11X108,499,169,0.339,139,0.279,360,0.721,330,0.661
11X111,441,164,0.372,113,0.256,328,0.744,277,0.628
11X112,334,98,0.293,69,0.207,265,0.793,236,0.707
11X121,548,210,0.383,154,0.281,394,0.719,338,0.617
11X127,808,550,0.681,486,0.601,322,0.399,258,0.319
11X144,415,222,0.535,179,0.431,236,0.569,193,0.465
11X153,451,236,0.523,195,0.432,256,0.568,215,0.477
11X160,300,122,0.407,100,0.333,200,0.667,178,0.593
11X169,296,105,0.355,68,0.23,228,0.770,191,0.645
11X175,240,117,0.488,91,0.379,149,0.621,123,0.512
11X178,300,130,0.433,103,0.343,197,0.657,170,0.567
11X180,838,535,0.638,465,0.555,373,0.445,303,0.362
11X181,733,483,0.659,432,0.589,301,0.411,250,0.341
11X189,264,93,0.352,67,0.254,197,0.746,171,0.648
11X194,1142,636,0.557,551,0.482,591,0.518,506,0.443
11X249,342,251,0.734,222,0.649,120,0.351,91,0.266
11X253,219,130,0.594,104,0.475,115,0.525,89,0.406
11X265,261,167,0.64,148,0.567,113,0.433,94,0.360
11X270,387,241,0.623,216,0.558,171,0.442,146,0.377
11X275,482,339,0.703,305,0.633,177,0.367,143,0.297
11X287,377,186,0.493,140,0.371,237,0.629,191,0.507
11X288,566,413,0.73,363,0.641,203,0.359,153,0.270
11X290,356,232,0.652,194,0.545,162,0.455,124,0.348
11X299,443,319,0.72,291,0.657,152,0.343,124,0.280
11X326,365,196,0.537,161,0.441,204,0.559,169,0.463
11X355,259,138,0.533,111,0.429,148,0.571,121,0.467
11X357,335,137,0.409,113,0.337,222,0.663,198,0.591
11X370,403,197,0.489,167,0.414,236,0.586,206,0.511
11X418,419,264,0.63,233,0.556,186,0.444,155,0.370
11X455,2085,1462,0.701,1316,0.631,769,0.369,623,0.299
11X462,202,117,0.579,106,0.525,96,0.475,85,0.421
11X468,280,154,0.55,131,0.468,149,0.532,126,0.450
11X481,280,78,0.279,52,0.186,228,0.814,202,0.721
11X483,240,78,0.325,57,0.238,183,0.762,162,0.675
11X498,578,273,0.472,238,0.412,340,0.588,305,0.528
11X508,399,274,0.687,239,0.599,160,0.401,125,0.313
11X509,341,204,0.598,170,0.499,171,0.501,137,0.402
11X513,314,196,0.624,166,0.529,148,0.471,118,0.376
11X514,340,201,0.591,169,0.497,171,0.503,139,0.409
11X529,320,210,0.656,185,0.578,135,0.422,110,0.344
11X532,286,165,0.577,142,0.497,144,0.503,121,0.423
11X542,488,362,0.742,321,0.658,167,0.342,126,0.258
11X544,268,172,0.642,141,0.526,127,0.474,96,0.358
11X545,177,108,0.61,88,0.497,89,0.503,69,0.390
11X556,396,199,0.503,163,0.412,233,0.588,197,0.497
11X566,338,174,0.515,143,0.423,195,0.577,164,0.485
11X567,344,143,0.416,114,0.331,230,0.669,201,0.584
12X006,419,140,0.334,93,0.222,326,0.778,279,0.666
12X044,199,68,0.342,47,0.236,152,0.764,131,0.658
12X047,836,317,0.379,223,0.267,613,0.733,519,0.621
12X057,387,150,0.388,109,0.282,278,0.718,237,0.612
12X061,210,76,0.362,51,0.243,159,0.757,134,0.638
12X066,423,123,0.291,70,0.165,353,0.835,300,0.709
12X067,325,121,0.372,76,0.234,249,0.766,204,0.628
12X098,162,102,0.63,88,0.543,74,0.457,60,0.370
12X129,383,223,0.582,177,0.462,206,0.538,160,0.418
12X134,412,129,0.313,68,0.165,344,0.835,283,0.687
12X150,520,189,0.363,124,0.238,396,0.762,331,0.637
12X190,239,144,0.603,116,0.485,123,0.515,95,0.397
12X195,757,261,0.345,176,0.232,581,0.768,496,0.655
12X196,661,291,0.44,207,0.313,454,0.687,370,0.560
12X211,387,188,0.486,149,0.385,238,0.615,199,0.514
12X214,901,401,0.445,313,0.347,588,0.653,500,0.555
12X217,260,148,0.569,120,0.462,140,0.538,112,0.431
12X242,667,496,0.744,459,0.688,208,0.312,171,0.256
12X248,155,109,0.703,95,0.613,60,0.387,46,0.297
12X251,313,209,0.668,187,0.597,126,0.403,104,0.332
12X267,514,384,0.747,339,0.66,175,0.340,130,0.253
12X271,562,388,0.69,333,0.593,229,0.407,174,0.310
12X273,233,121,0.519,92,0.395,141,0.605,112,0.481
12X286,264,142,0.538,115,0.436,149,0.564,122,0.462
12X300,437,145,0.332,82,0.188,355,0.812,292,0.668
12X314,192,61,0.318,38,0.198,154,0.802,131,0.682
12X316,313,192,0.613,165,0.527,148,0.473,121,0.387
12X318,170,104,0.612,85,0.5,85,0.500,66,0.388
12X341,287,159,0.554,132,0.46,155,0.540,128,0.446
12X383,365,226,0.619,196,0.537,169,0.463,139,0.381
12X388,339,250,0.737,211,0.622,128,0.378,89,0.263
12X446,165,91,0.552,67,0.406,98,0.594,74,0.448
12X458,225,95,0.422,64,0.284,161,0.716,130,0.578
12X463,331,116,0.35,84,0.254,247,0.746,215,0.650
12X478,353,279,0.79,257,0.728,96,0.272,74,0.210
12X479,272,180,0.662,152,0.559,120,0.441,92,0.338
12X480,106,44,0.415,27,0.255,79,0.745,62,0.585
12X511,335,224,0.669,192,0.573,143,0.427,111,0.331
12X521,431,304,0.705,270,0.626,161,0.374,127,0.295
12X531,321,127,0.396,95,0.296,226,0.704,194,0.604
12X536,299,128,0.428,79,0.264,220,0.736,171,0.572
12X550,312,231,0.74,200,0.641,112,0.359,81,0.260
12X595,250,79,0.316,44,0.176,206,0.824,171,0.684
12X682,450,289,0.642,254,0.564,196,0.436,161,0.358
12X684,274,164,0.599,140,0.511,134,0.489,110,0.401
12X691,279,134,0.48,93,0.333,186,0.667,145,0.520
13K003,207,84,0.406,57,0.275,150,0.725,123,0.594
13K008,569,514,0.903,479,0.842,90,0.158,55,0.097
13K009,644,439,0.682,397,0.616,247,0.384,205,0.318
13K011,754,463,0.614,414,0.549,340,0.451,291,0.386
13K020,510,340,0.667,313,0.614,197,0.386,170,0.333
13K044,104,25,0.24,15,0.144,89,0.856,79,0.760
13K046,185,56,0.303,40,0.216,145,0.784,129,0.697
13K054,138,48,0.348,35,0.254,103,0.746,90,0.652
13K056,223,129,0.578,105,0.471,118,0.529,94,0.422
13K067,182,52,0.286,35,0.192,147,0.808,130,0.714
13K093,138,31,0.225,24,0.174,114,0.826,107,0.775
13K113,266,136,0.511,111,0.417,155,0.583,130,0.489
13K133,570,373,0.654,325,0.57,245,0.430,197,0.346
13K256,197,42,0.213,28,0.142,169,0.858,155,0.787
13K265,276,148,0.536,128,0.464,148,0.536,128,0.464
13K266,109,61,0.56,49,0.45,60,0.550,48,0.440
13K270,75,27,0.36,17,0.227,58,0.773,48,0.640
13K282,418,255,0.61,235,0.562,183,0.438,163,0.390
13K287,108,26,0.241,15,0.139,93,0.861,82,0.759
13K301,76,29,0.382,23,0.303,53,0.697,47,0.618
13K307,284,122,0.43,96,0.338,188,0.662,162,0.570
13K313,264,158,0.598,143,0.542,121,0.458,106,0.402
13K350,126,80,0.635,75,0.595,51,0.405,46,0.365
13K351,193,118,0.611,105,0.544,88,0.456,75,0.389
13K412,529,314,0.594,262,0.495,267,0.505,215,0.406
13K419,508,345,0.679,319,0.628,189,0.372,163,0.321
13K430,5921,5428,0.917,5294,0.894,627,0.106,493,0.083
13K439,318,202,0.635,159,0.5,159,0.500,116,0.365
13K483,444,325,0.732,288,0.649,156,0.351,119,0.268
13K492,631,466,0.739,435,0.689,196,0.311,165,0.261
13K527,463,297,0.641,260,0.562,203,0.438,166,0.359
13K553,109,31,0.284,20,0.183,89,0.817,78,0.716
13K594,201,143,0.711,131,0.652,70,0.348,58,0.289
13K595,370,284,0.768,259,0.7,111,0.300,86,0.232
13K605,634,412,0.65,360,0.568,274,0.432,222,0.350
13K616,142,54,0.38,30,0.211,112,0.789,88,0.620
13K670,789,578,0.733,508,0.644,281,0.356,211,0.267
13K674,470,334,0.711,297,0.632,173,0.368,136,0.289
13K691,166,94,0.566,80,0.482,86,0.518,72,0.434
13K915,291,229,0.787,214,0.735,77,0.265,62,0.213
14K016,169,39,0.231,20,0.118,149,0.882,130,0.769
14K017,196,71,0.362,55,0.281,141,0.719,125,0.638
14K018,169,57,0.337,43,0.254,126,0.746,112,0.663
14K023,207,66,0.319,47,0.227,160,0.773,141,0.681
14K031,472,255,0.54,212,0.449,260,0.551,217,0.460
14K034,362,194,0.536,174,0.481,188,0.519,168,0.464
14K050,319,185,0.58,156,0.489,163,0.511,134,0.420
14K059,269,87,0.323,62,0.23,207,0.770,182,0.677
14K071,490,333,0.68,284,0.58,206,0.420,157,0.320
14K084,568,326,0.574,284,0.5,284,0.500,242,0.426
14K110,417,285,0.683,256,0.614,161,0.386,132,0.317
14K120,280,101,0.361,80,0.286,200,0.714,179,0.639
14K126,223,107,0.48,92,0.413,131,0.587,116,0.520
14K132,546,332,0.608,292,0.535,254,0.465,214,0.392
14K147,197,74,0.376,59,0.299,138,0.701,123,0.624
14K157,262,113,0.431,86,0.328,176,0.672,149,0.569
14K196,270,100,0.37,79,0.293,191,0.707,170,0.630
14K250,276,105,0.38,84,0.304,192,0.696,171,0.620
14K257,442,126,0.285,103,0.233,339,0.767,316,0.715
14K297,194,63,0.325,43,0.222,151,0.778,131,0.675
14K318,1154,852,0.738,767,0.665,387,0.335,302,0.262
14K319,72,21,0.292,13,0.181,59,0.819,51,0.708
14K380,368,124,0.337,89,0.242,279,0.758,244,0.663
14K414,509,301,0.591,255,0.501,254,0.499,208,0.409
14K449,836,750,0.897,734,0.878,102,0.122,86,0.103
14K454,386,265,0.687,237,0.614,149,0.386,121,0.313
14K474,402,283,0.704,232,0.577,170,0.423,119,0.296
14K477,417,270,0.647,226,0.542,191,0.458,147,0.353
14K478,532,373,0.701,329,0.618,203,0.382,159,0.299
14K488,538,387,0.719,343,0.638,195,0.362,151,0.281
14K558,583,416,0.714,376,0.645,207,0.355,167,0.286
14K561,659,507,0.769,464,0.704,195,0.296,152,0.231
14K577,435,253,0.582,215,0.494,220,0.506,182,0.418
14K582,321,176,0.548,152,0.474,169,0.526,145,0.452
14K586,395,245,0.62,202,0.511,193,0.489,150,0.380
14K610,343,231,0.673,209,0.609,134,0.391,112,0.327
14K614,339,233,0.687,204,0.602,135,0.398,106,0.313
14K685,210,133,0.633,113,0.538,97,0.462,77,0.367
15K001,803,360,0.448,281,0.35,522,0.650,443,0.552
15K010,825,697,0.845,648,0.785,177,0.215,128,0.155
15K015,340,167,0.491,136,0.4,204,0.600,173,0.509
15K024,481,205,0.426,161,0.335,320,0.665,276,0.574
15K029,699,612,0.876,581,0.831,118,0.169,87,0.124
15K032,393,278,0.707,257,0.654,136,0.346,115,0.293
15K038,443,277,0.625,258,0.582,185,0.418,166,0.375
15K039,341,302,0.886,279,0.818,62,0.182,39,0.114
15K051,1074,872,0.812,800,0.745,274,0.255,202,0.188
15K058,698,609,0.872,580,0.831,118,0.169,89,0.128
15K088,1135,877,0.773,802,0.707,333,0.293,258,0.227
15K094,1022,779,0.762,712,0.697,310,0.303,243,0.238
15K107,471,408,0.866,390,0.828,81,0.172,63,0.134
15K118,221,192,0.869,187,0.846,34,0.154,29,0.131
15K124,254,126,0.496,106,0.417,148,0.583,128,0.504
15K130,792,617,0.779,567,0.716,225,0.284,175,0.221
15K131,619,326,0.527,283,0.457,336,0.543,293,0.473
15K136,492,317,0.644,288,0.585,204,0.415,175,0.356
15K146,619,481,0.777,455,0.735,164,0.265,138,0.223
15K154,420,359,0.855,338,0.805,82,0.195,61,0.145
15K169,1028,699,0.68,643,0.625,385,0.375,329,0.320
15K172,494,265,0.536,217,0.439,277,0.561,229,0.464
15K230,918,557,0.607,443,0.483,475,0.517,361,0.393
15K261,595,434,0.729,399,0.671,196,0.329,161,0.271
15K295,264,173,0.655,158,0.598,106,0.402,91,0.345
15K321,1223,1134,0.927,1094,0.895,129,0.105,89,0.073
15K418,242,212,0.876,200,0.826,42,0.174,30,0.124
15K423,125,60,0.48,45,0.36,80,0.640,65,0.520
15K429,327,274,0.838,251,0.768,76,0.232,53,0.162
15K442,334,262,0.784,240,0.719,94,0.281,72,0.216
15K443,518,412,0.795,381,0.736,137,0.264,106,0.205
15K447,528,429,0.813,403,0.763,125,0.237,99,0.188
15K448,674,527,0.782,471,0.699,203,0.301,147,0.218
15K462,458,319,0.697,288,0.629,170,0.371,139,0.303
15K463,244,165,0.676,142,0.582,102,0.418,79,0.324
15K464,609,471,0.773,440,0.722,169,0.278,138,0.227
15K497,767,602,0.785,567,0.739,200,0.261,165,0.215
15K516,366,207,0.566,178,0.486,188,0.514,159,0.434
15K519,397,246,0.62,193,0.486,204,0.514,151,0.380
15K529,170,87,0.512,70,0.412,100,0.588,83,0.488
15K592,160,71,0.444,60,0.375,100,0.625,89,0.556
15K656,950,731,0.769,686,0.722,264,0.278,219,0.231
15K667,1359,1047,0.77,965,0.71,394,0.290,312,0.230
15K676,87,25,0.287,19,0.218,68,0.782,62,0.713
15K684,669,599,0.895,586,0.876,83,0.124,70,0.105
15K698,173,77,0.445,56,0.324,117,0.676,96,0.555
15K821,467,344,0.737,305,0.653,162,0.347,123,0.263
15K839,357,285,0.798,262,0.734,95,0.266,72,0.202
15K896,152,99,0.651,83,0.546,69,0.454,53,0.349
16K005,178,61,0.343,42,0.236,136,0.764,117,0.657
16K021,408,130,0.319,91,0.223,317,0.777,278,0.681
16K025,65,12,0.185,9,0.138,56,0.862,53,0.815
16K026,166,59,0.355,47,0.283,119,0.717,107,0.645
16K035,173,80,0.462,67,0.387,106,0.613,93,0.538
16K040,375,101,0.269,72,0.192,303,0.808,274,0.731
16K057,105,50,0.476,39,0.371,66,0.629,55,0.524
16K081,193,66,0.342,50,0.259,143,0.741,127,0.658
16K243,177,52,0.294,40,0.226,137,0.774,125,0.706
16K262,123,24,0.195,19,0.154,104,0.846,99,0.805
16K267,171,88,0.515,71,0.415,100,0.585,83,0.485
16K308,203,75,0.369,45,0.222,158,0.778,128,0.631
16K309,142,46,0.324,33,0.232,109,0.768,96,0.676
16K335,164,48,0.293,37,0.226,127,0.774,116,0.707
16K455,427,241,0.564,194,0.454,233,0.546,186,0.436
16K498,564,371,0.658,317,0.562,247,0.438,193,0.342
16K627,226,85,0.376,69,0.305,157,0.695,141,0.624
16K628,269,133,0.494,116,0.431,153,0.569,136,0.506
16K669,221,90,0.407,56,0.253,165,0.747,131,0.593
16K681,214,116,0.542,98,0.458,116,0.542,98,0.458
16K688,159,105,0.66,88,0.553,71,0.447,54,0.340
16K765,144,76,0.528,59,0.41,85,0.590,68,0.472
16K898,155,89,0.574,75,0.484,80,0.516,66,0.426
17K002,359,191,0.532,163,0.454,196,0.546,168,0.468
17K006,577,167,0.289,115,0.199,462,0.801,410,0.711
17K012,173,46,0.266,30,0.173,143,0.827,127,0.734
17K061,446,221,0.496,179,0.401,267,0.599,225,0.504
17K091,155,48,0.31,34,0.219,121,0.781,107,0.690
17K092,287,73,0.254,41,0.143,246,0.857,214,0.746
17K122,497,311,0.626,269,0.541,228,0.459,186,0.374
17K138,424,180,0.425,150,0.354,274,0.646,244,0.575
17K161,267,59,0.221,43,0.161,224,0.839,208,0.779
17K181,540,161,0.298,126,0.233,414,0.767,379,0.702
17K189,888,300,0.338,238,0.268,650,0.732,588,0.662
17K191,137,44,0.321,25,0.182,112,0.818,93,0.679
17K221,144,36,0.25,24,0.167,120,0.833,108,0.750
17K241,315,128,0.406,104,0.33,211,0.670,187,0.594
17K246,319,157,0.492,119,0.373,200,0.627,162,0.508
17K249,706,281,0.398,217,0.307,489,0.693,425,0.602
17K289,239,69,0.289,59,0.247,180,0.753,170,0.711
17K316,506,259,0.512,216,0.427,290,0.573,247,0.488
17K340,179,92,0.514,85,0.475,94,0.525,87,0.486
17K352,128,54,0.422,45,0.352,83,0.648,74,0.578
17K353,137,80,0.584,69,0.504,68,0.496,57,0.416
17K354,267,132,0.494,110,0.412,157,0.588,135,0.506
17K375,217,64,0.295,53,0.244,164,0.756,153,0.705
17K382,341,211,0.619,178,0.522,163,0.478,130,0.381
17K394,240,95,0.396,77,0.321,163,0.679,145,0.604
17K397,152,31,0.204,25,0.164,127,0.836,121,0.796
17K398,216,55,0.255,37,0.171,179,0.829,161,0.745
17K399,137,31,0.226,25,0.182,112,0.818,106,0.774
17K408,318,191,0.601,155,0.487,163,0.513,127,0.399
17K484,159,72,0.453,57,0.358,102,0.642,87,0.547
17K524,298,185,0.621,146,0.49,152,0.510,113,0.379
17K528,227,153,0.674,137,0.604,90,0.396,74,0.326
17K531,236,131,0.555,102,0.432,134,0.568,105,0.445
17K532,379,127,0.335,103,0.272,276,0.728,252,0.665
17K537,434,285,0.657,240,0.553,194,0.447,149,0.343
17K539,239,148,0.619,126,0.527,113,0.473,91,0.381
17K543,624,466,0.747,429,0.688,195,0.312,158,0.253
17K546,501,341,0.681,309,0.617,192,0.383,160,0.319
17K547,320,216,0.675,186,0.581,134,0.419,104,0.325
17K548,233,140,0.601,116,0.498,117,0.502,93,0.399
17K568,68,28,0.412,21,0.309,47,0.691,40,0.588
17K590,1398,985,0.705,907,0.649,491,0.351,413,0.295
17K600,1296,853,0.658,748,0.577,548,0.423,443,0.342
17K646,157,74,0.471,50,0.318,107,0.682,83,0.529
17K705,250,124,0.496,106,0.424,144,0.576,126,0.504
17K722,212,99,0.467,75,0.354,137,0.646,113,0.533
17K745,524,342,0.653,299,0.571,225,0.429,182,0.347
17K751,243,163,0.671,143,0.588,100,0.412,80,0.329
17K770,268,172,0.642,133,0.496,135,0.504,96,0.358
18K066,559,234,0.419,200,0.358,359,0.642,325,0.581
18K068,236,96,0.407,72,0.305,164,0.695,140,0.593
18K114,341,79,0.232,62,0.182,279,0.818,262,0.768
18K115,680,229,0.337,185,0.272,495,0.728,451,0.663
18K135,307,84,0.274,64,0.208,243,0.792,223,0.726
18K208,240,76,0.317,58,0.242,182,0.758,164,0.683
18K211,216,99,0.458,81,0.375,135,0.625,117,0.542
18K219,271,70,0.258,50,0.185,221,0.815,201,0.742
18K233,250,67,0.268,44,0.176,206,0.824,183,0.732
18K235,962,398,0.414,346,0.36,616,0.640,564,0.586
18K244,349,102,0.292,78,0.223,271,0.777,247,0.708
18K268,225,73,0.324,49,0.218,176,0.782,152,0.676
18K272,300,76,0.253,52,0.173,248,0.827,224,0.747
18K276,430,103,0.24,82,0.191,348,0.809,327,0.760
18K279,238,79,0.332,62,0.261,176,0.739,159,0.668
18K285,584,322,0.551,277,0.474,307,0.526,262,0.449
18K366,351,172,0.49,144,0.41,207,0.590,179,0.510
18K563,383,237,0.619,198,0.517,185,0.483,146,0.381
18K566,210,129,0.614,116,0.552,94,0.448,81,0.386
18K567,199,142,0.714,126,0.633,73,0.367,57,0.286
18K569,167,85,0.509,70,0.419,97,0.581,82,0.491
18K576,240,162,0.675,142,0.592,98,0.408,78,0.325
18K578,137,51,0.372,34,0.248,103,0.752,86,0.628
18K581,168,75,0.446,57,0.339,111,0.661,93,0.554
18K588,164,83,0.506,68,0.415,96,0.585,81,0.494
18K617,249,173,0.695,147,0.59,102,0.410,76,0.305
18K629,207,125,0.604,106,0.512,101,0.488,82,0.396
18K633,434,286,0.659,253,0.583,181,0.417,148,0.341
18K635,160,55,0.344,36,0.225,124,0.775,105,0.656
18K637,346,218,0.63,199,0.575,147,0.425,128,0.370
18K642,139,75,0.54,65,0.468,74,0.532,64,0.460
18K673,160,66,0.413,38,0.238,122,0.762,94,0.588
18K763,344,185,0.538,165,0.48,179,0.520,159,0.462
19K007,619,239,0.386,182,0.294,437,0.706,380,0.614
19K013,335,79,0.236,55,0.164,280,0.836,256,0.764
19K065,459,167,0.364,134,0.292,325,0.708,292,0.636
19K089,426,211,0.495,167,0.392,259,0.608,215,0.505
19K108,676,255,0.377,184,0.272,492,0.728,421,0.623
19K149,419,120,0.286,84,0.2,335,0.800,299,0.714
19K158,370,115,0.311,69,0.186,301,0.814,255,0.689
19K159,594,300,0.505,249,0.419,345,0.581,294,0.495
19K171,308,189,0.614,158,0.513,150,0.487,119,0.386
19K190,119,33,0.277,24,0.202,95,0.798,86,0.723
19K202,219,60,0.274,37,0.169,182,0.831,159,0.726
19K213,190,50,0.263,32,0.168,158,0.832,140,0.737
19K214,698,338,0.484,274,0.393,424,0.607,360,0.516
19K218,322,158,0.491,124,0.385,198,0.615,164,0.509
19K224,253,63,0.249,38,0.15,215,0.850,190,0.751
19K273,263,83,0.316,50,0.19,213,0.810,180,0.684
19K290,346,108,0.312,81,0.234,265,0.766,238,0.688
19K292,405,215,0.531,187,0.462,218,0.538,190,0.469
19K306,227,77,0.339,55,0.242,172,0.758,150,0.661
19K325,134,31,0.231,20,0.149,114,0.851,103,0.769
19K328,220,40,0.182,26,0.118,194,0.882,180,0.818
19K345,475,146,0.307,101,0.213,374,0.787,329,0.693
19K346,404,141,0.349,113,0.28,291,0.720,263,0.651
19K364,180,91,0.506,79,0.439,101,0.561,89,0.494
19K404,513,318,0.62,273,0.532,240,0.468,195,0.380
19K409,607,391,0.644,336,0.554,271,0.446,216,0.356
19K422,487,294,0.604,253,0.52,234,0.480,193,0.396
19K452,214,113,0.528,102,0.477,112,0.523,101,0.472
19K502,241,174,0.722,156,0.647,85,0.353,67,0.278
19K504,159,111,0.698,102,0.642,57,0.358,48,0.302
19K507,320,206,0.644,187,0.584,133,0.416,114,0.356
19K510,144,95,0.66,79,0.549,65,0.451,49,0.340
19K557,245,65,0.265,48,0.196,197,0.804,180,0.735
19K583,342,241,0.705,198,0.579,144,0.421,101,0.295
19K615,774,523,0.676,462,0.597,312,0.403,251,0.324
19K618,400,289,0.723,260,0.65,140,0.350,111,0.278
19K639,330,225,0.682,201,0.609,129,0.391,105,0.318
19K654,240,115,0.479,90,0.375,150,0.625,125,0.521
19K659,364,267,0.734,240,0.659,124,0.341,97,0.266
19K660,374,212,0.567,183,0.489,191,0.511,162,0.433
19K661,463,267,0.577,230,0.497,233,0.503,196,0.423
19K662,483,284,0.588,237,0.491,246,0.509,199,0.412
19K663,98,39,0.398,26,0.265,72,0.735,59,0.602
19K677,381,102,0.268,83,0.218,298,0.782,279,0.732
19K678,245,121,0.494,94,0.384,151,0.616,124,0.506
19K683,251,147,0.586,122,0.486,129,0.514,104,0.414
19K760,293,190,0.648,167,0.57,126,0.430,103,0.352
19K764,338,234,0.692,215,0.636,123,0.364,104,0.308
19K907,150,68,0.453,53,0.353,97,0.647,82,0.547
19K935,94,36,0.383,29,0.309,65,0.691,58,0.617
19K938,69,22,0.319,15,0.217,54,0.783,47,0.681
19K953,139,89,0.64,75,0.54,64,0.460,50,0.360
20K030,963,441,0.458,383,0.398,580,0.602,522,0.542
20K048,494,235,0.476,205,0.415,289,0.585,259,0.524
20K062,969,555,0.573,481,0.496,488,0.504,414,0.427
20K069,643,537,0.835,482,0.75,161,0.250,106,0.165
20K102,1185,570,0.481,491,0.414,694,0.586,615,0.519
20K104,1113,618,0.555,553,0.497,560,0.503,495,0.445
20K105,1278,1083,0.847,995,0.779,283,0.221,195,0.153
20K112,698,334,0.479,283,0.405,415,0.595,364,0.521
20K127,542,280,0.517,238,0.439,304,0.561,262,0.483
20K160,991,814,0.821,753,0.76,238,0.240,177,0.179
20K163,608,315,0.518,281,0.462,327,0.538,293,0.482
20K164,539,290,0.538,248,0.46,291,0.540,249,0.462
20K170,928,535,0.577,465,0.501,463,0.499,393,0.423
20K176,1116,746,0.668,655,0.587,461,0.413,370,0.332
20K179,674,280,0.415,237,0.352,437,0.648,394,0.585
20K180,932,559,0.6,495,0.531,437,0.469,373,0.400
20K185,560,238,0.425,201,0.359,359,0.641,322,0.575
20K186,1017,425,0.418,370,0.364,647,0.636,592,0.582
20K187,920,783,0.851,753,0.818,167,0.182,137,0.149
20K192,567,207,0.365,172,0.303,395,0.697,360,0.635
20K200,1259,337,0.268,286,0.227,973,0.773,922,0.732
20K201,1552,1183,0.762,1120,0.722,432,0.278,369,0.238
20K204,1034,581,0.562,531,0.514,503,0.486,453,0.438
20K205,1127,670,0.594,596,0.529,531,0.471,457,0.406
20K220,1262,1021,0.809,933,0.739,329,0.261,241,0.191
20K223,783,536,0.685,490,0.626,293,0.374,247,0.315
20K227,1520,1155,0.76,1075,0.707,445,0.293,365,0.240
20K229,1171,782,0.668,731,0.624,440,0.376,389,0.332
20K247,752,431,0.573,380,0.505,372,0.495,321,0.427
20K259,1535,1133,0.738,1073,0.699,462,0.301,402,0.262
20K264,363,141,0.388,107,0.295,256,0.705,222,0.612
20K310,475,382,0.804,360,0.758,115,0.242,93,0.196
20K445,3198,2459,0.769,2310,0.722,888,0.278,739,0.231
20K485,1261,1025,0.813,969,0.768,292,0.232,236,0.187
20K490,4054,3252,0.802,3071,0.758,983,0.242,802,0.198
20K503,737,366,0.497,307,0.417,430,0.583,371,0.503
20K505,3177,2288,0.72,2099,0.661,1078,0.339,889,0.280
20K506,528,283,0.536,231,0.438,297,0.562,245,0.464
20K609,536,395,0.737,359,0.67,177,0.330,141,0.263
20K682,342,159,0.465,147,0.43,195,0.570,183,0.535
20K686,465,265,0.57,241,0.518,224,0.482,200,0.430
20K748,455,206,0.453,180,0.396,275,0.604,249,0.547
20K936,299,200,0.669,176,0.589,123,0.411,99,0.331
20K939,112,49,0.438,40,0.357,72,0.643,63,0.562
20K971,227,137,0.604,122,0.537,105,0.463,90,0.396
21K090,442,126,0.285,93,0.21,349,0.790,316,0.715
21K095,934,460,0.493,407,0.436,527,0.564,474,0.507
21K096,823,448,0.544,403,0.49,420,0.510,375,0.456
21K097,716,398,0.556,358,0.5,358,0.500,318,0.444
21K098,1522,788,0.518,729,0.479,793,0.521,734,0.482
21K099,784,235,0.3,201,0.256,583,0.744,549,0.700
21K100,618,79,0.128,65,0.105,553,0.895,539,0.872
21K101,971,521,0.537,481,0.495,490,0.505,450,0.463
21K121,323,137,0.424,115,0.356,208,0.644,186,0.576
21K128,435,131,0.301,103,0.237,332,0.763,304,0.699
21K153,493,148,0.3,124,0.252,369,0.748,345,0.700
21K177,824,287,0.348,231,0.28,593,0.720,537,0.652
21K188,246,63,0.256,53,0.215,193,0.785,183,0.744
21K199,497,114,0.229,90,0.181,407,0.819,383,0.771
21K209,646,233,0.361,196,0.303,450,0.697,413,0.639
21K212,561,239,0.426,198,0.353,363,0.647,322,0.574
21K215,661,245,0.371,211,0.319,450,0.681,416,0.629
21K216,620,147,0.237,122,0.197,498,0.803,473,0.763
21K225,882,243,0.276,191,0.217,691,0.783,639,0.724
21K226,865,394,0.455,341,0.394,524,0.606,471,0.545
21K228,1531,811,0.53,743,0.485,788,0.515,720,0.470
21K238,538,174,0.323,142,0.264,396,0.736,364,0.677
21K239,1231,810,0.658,763,0.62,468,0.380,421,0.342
21K253,825,261,0.316,212,0.257,613,0.743,564,0.684
21K281,1180,700,0.593,631,0.535,549,0.465,480,0.407
21K288,532,192,0.361,147,0.276,385,0.724,340,0.639
21K303,427,192,0.45,175,0.41,252,0.590,235,0.550
21K329,300,77,0.257,49,0.163,251,0.837,223,0.743
21K337,346,209,0.604,172,0.497,174,0.503,137,0.396
21K344,594,330,0.556,288,0.485,306,0.515,264,0.444
21K348,325,181,0.557,157,0.483,168,0.517,144,0.443
21K410,1930,1304,0.676,1154,0.598,776,0.402,626,0.324
21K468,726,506,0.697,446,0.614,280,0.386,220,0.303
21K525,3613,2778,0.769,2618,0.725,995,0.275,835,0.231
21K540,2167,1552,0.716,1415,0.653,752,0.347,615,0.284
21K559,266,163,0.613,131,0.492,135,0.508,103,0.387
21K572,385,280,0.727,253,0.657,132,0.343,105,0.273
21K620,580,395,0.681,336,0.579,244,0.421,185,0.319
21K690,923,524,0.568,478,0.518,445,0.482,399,0.432
21K728,203,81,0.399,56,0.276,147,0.724,122,0.601
22K014,480,203,0.423,172,0.358,308,0.642,277,0.577
22K052,655,127,0.194,101,0.154,554,0.846,528,0.806
22K078,510,263,0.516,235,0.461,275,0.539,247,0.484
22K109,480,183,0.381,137,0.285,343,0.715,297,0.619
22K119,363,156,0.43,121,0.333,242,0.667,207,0.570
22K134,510,143,0.28,126,0.247,384,0.753,367,0.720
22K139,713,436,0.612,373,0.523,340,0.477,277,0.388
22K152,491,180,0.367,151,0.308,340,0.692,311,0.633
22K193,452,149,0.33,126,0.279,326,0.721,303,0.670
22K194,462,134,0.29,100,0.216,362,0.784,328,0.710
22K195,310,55,0.177,48,0.155,262,0.845,255,0.823
22K197,814,168,0.206,135,0.166,679,0.834,646,0.794
22K198,266,90,0.338,58,0.218,208,0.782,176,0.662
22K203,471,128,0.272,97,0.206,374,0.794,343,0.728
22K206,1474,671,0.455,609,0.413,865,0.587,803,0.545
22K207,914,418,0.457,364,0.398,550,0.602,496,0.543
22K217,867,347,0.4,299,0.345,568,0.655,520,0.600
22K222,700,292,0.417,260,0.371,440,0.629,408,0.583
22K234,1285,661,0.514,592,0.461,693,0.539,624,0.486
22K236,485,144,0.297,134,0.276,351,0.724,341,0.703
22K240,502,277,0.552,234,0.466,268,0.534,225,0.448
22K245,229,88,0.384,73,0.319,156,0.681,141,0.616
22K251,310,92,0.297,71,0.229,239,0.771,218,0.703
22K254,622,179,0.288,150,0.241,472,0.759,443,0.712
22K255,771,214,0.278,185,0.24,586,0.760,557,0.722
22K277,326,114,0.35,99,0.304,227,0.696,212,0.650
22K278,1194,670,0.561,618,0.518,576,0.482,524,0.439
22K312,583,183,0.314,152,0.261,431,0.739,400,0.686
22K315,513,203,0.396,160,0.312,353,0.688,310,0.604
22K326,102,30,0.294,22,0.216,80,0.784,72,0.706
22K361,415,133,0.32,97,0.234,318,0.766,282,0.680
22K381,323,182,0.563,146,0.452,177,0.548,141,0.437
22K405,3963,3168,0.799,3019,0.762,944,0.238,795,0.201
22K425,3460,2262,0.654,2105,0.608,1355,0.392,1198,0.346
22K535,956,734,0.768,692,0.724,264,0.276,222,0.232
22K555,641,530,0.827,507,0.791,134,0.209,111,0.173
22K611,415,244,0.588,215,0.518,200,0.482,171,0.412
22K630,153,77,0.503,60,0.392,93,0.608,76,0.497
22K889,291,175,0.601,146,0.502,145,0.498,116,0.399
22K890,283,186,0.657,162,0.572,121,0.428,97,0.343
23K041,248,101,0.407,66,0.266,182,0.734,147,0.593
23K137,125,40,0.32,29,0.232,96,0.768,85,0.680
23K150,141,33,0.234,24,0.17,117,0.830,108,0.766
23K155,299,120,0.401,80,0.268,219,0.732,179,0.599
23K156,446,136,0.305,101,0.226,345,0.774,310,0.695
23K165,159,31,0.195,19,0.119,140,0.881,128,0.805
23K178,241,85,0.353,72,0.299,169,0.701,156,0.647
23K184,411,131,0.319,102,0.248,309,0.752,280,0.681
23K284,206,42,0.204,25,0.121,181,0.879,164,0.796
23K298,250,77,0.308,48,0.192,202,0.808,173,0.692
23K323,464,141,0.304,96,0.207,368,0.793,323,0.696
23K327,188,46,0.245,25,0.133,163,0.867,142,0.755
23K363,262,120,0.458,88,0.336,174,0.664,142,0.542
23K392,328,192,0.585,167,0.509,161,0.491,136,0.415
23K401,205,60,0.293,41,0.2,164,0.800,145,0.707
23K446,238,64,0.269,37,0.155,201,0.845,174,0.731
23K493,383,237,0.619,193,0.504,190,0.496,146,0.381
23K514,163,103,0.632,86,0.528,77,0.472,60,0.368
23K518,97,48,0.495,38,0.392,59,0.608,49,0.505
23K522,96,44,0.458,39,0.406,57,0.594,52,0.542
23K599,350,108,0.309,84,0.24,266,0.760,242,0.691
23K643,139,47,0.338,35,0.252,104,0.748,92,0.662
23K644,587,320,0.545,267,0.455,320,0.545,267,0.455
23K647,191,69,0.361,40,0.209,151,0.791,122,0.639
23K664,153,64,0.418,50,0.327,103,0.673,89,0.582
23K668,123,50,0.407,37,0.301,86,0.699,73,0.593
23K671,182,89,0.489,72,0.396,110,0.604,93,0.511
23K697,169,89,0.527,69,0.408,100,0.592,80,0.473
24Q005,1563,1248,0.798,1143,0.731,420,0.269,315,0.202
24Q007,1139,788,0.692,705,0.619,434,0.381,351,0.308
24Q012,936,625,0.668,536,0.573,400,0.427,311,0.332
24Q013,1083,635,0.586,536,0.495,547,0.505,448,0.414
24Q014,1131,593,0.524,430,0.38,701,0.620,538,0.476
24Q016,1158,600,0.518,474,0.409,684,0.591,558,0.482
24Q019,1621,933,0.576,721,0.445,900,0.555,688,0.424
24Q028,366,168,0.459,127,0.347,239,0.653,198,0.541
24Q049,1160,589,0.508,526,0.453,634,0.547,571,0.492
24Q058,808,479,0.593,402,0.498,406,0.502,329,0.407
24Q061,2097,1592,0.759,1393,0.664,704,0.336,505,0.241
24Q068,446,194,0.435,146,0.327,300,0.673,252,0.565
24Q071,532,177,0.333,135,0.254,397,0.746,355,0.667
24Q073,1966,1496,0.761,1367,0.695,599,0.305,470,0.239
24Q077,726,496,0.683,427,0.588,299,0.412,230,0.317
24Q081,641,297,0.463,219,0.342,422,0.658,344,0.537
24Q087,492,224,0.455,203,0.413,289,0.587,268,0.545
24Q088,619,209,0.338,176,0.284,443,0.716,410,0.662
24Q089,1382,906,0.656,730,0.528,652,0.472,476,0.344
24Q091,703,215,0.306,168,0.239,535,0.761,488,0.694
24Q093,1019,666,0.654,576,0.565,443,0.435,353,0.346
24Q102,1201,877,0.73,804,0.669,397,0.331,324,0.270
24Q110,912,480,0.526,364,0.399,548,0.601,432,0.474
24Q113,771,328,0.425,282,0.366,489,0.634,443,0.575
24Q119,1206,704,0.584,647,0.536,559,0.464,502,0.416
24Q125,1517,1173,0.773,1065,0.702,452,0.298,344,0.227
24Q128,673,240,0.357,210,0.312,463,0.688,433,0.643
24Q143,1376,758,0.551,600,0.436,776,0.564,618,0.449
24Q153,802,398,0.496,343,0.428,459,0.572,404,0.504
24Q199,512,296,0.578,243,0.475,269,0.525,216,0.422
24Q211,738,379,0.514,278,0.377,460,0.623,359,0.486
24Q229,1152,699,0.607,610,0.53,542,0.470,453,0.393
24Q236,264,208,0.788,172,0.652,92,0.348,56,0.212
24Q239,417,156,0.374,114,0.273,303,0.727,261,0.626
24Q264,765,645,0.843,619,0.809,146,0.191,120,0.157
24Q267,384,304,0.792,293,0.763,91,0.237,80,0.208
24Q290,530,277,0.523,244,0.46,286,0.540,253,0.477
24Q293,621,536,0.863,511,0.823,110,0.177,85,0.137
24Q296,394,313,0.794,257,0.652,137,0.348,81,0.206
24Q299,669,602,0.9,581,0.868,88,0.132,67,0.100
24Q305,446,213,0.478,157,0.352,289,0.648,233,0.522
24Q307,764,386,0.505,294,0.385,470,0.615,378,0.495
24Q311,756,590,0.78,522,0.69,234,0.310,166,0.220
24Q330,454,213,0.469,151,0.333,303,0.667,241,0.531
24Q343,447,320,0.716,289,0.647,158,0.353,127,0.284
24Q455,1664,1330,0.799,1192,0.716,472,0.284,334,0.201
24Q485,1405,1014,0.722,915,0.651,490,0.349,391,0.278
24Q520,492,426,0.866,412,0.837,80,0.163,66,0.134
24Q530,493,407,0.826,360,0.73,133,0.270,86,0.174
24Q550,762,631,0.828,601,0.789,161,0.211,131,0.172
24Q560,602,490,0.814,461,0.766,141,0.234,112,0.186
24Q585,1083,900,0.831,852,0.787,231,0.213,183,0.169
24Q600,1418,1217,0.858,1158,0.817,260,0.183,201,0.142
24Q610,1906,1653,0.867,1593,0.836,313,0.164,253,0.133
24Q744,204,105,0.515,58,0.284,146,0.716,99,0.485
25Q020,1011,760,0.752,665,0.658,346,0.342,251,0.248
25Q021,1076,697,0.648,600,0.558,476,0.442,379,0.352
25Q022,740,512,0.692,447,0.604,293,0.396,228,0.308
25Q024,1032,830,0.804,772,0.748,260,0.252,202,0.196
25Q025,1008,814,0.808,771,0.765,237,0.235,194,0.192
25Q029,695,362,0.521,285,0.41,410,0.590,333,0.479
25Q032,873,653,0.748,587,0.672,286,0.328,220,0.252
25Q079,1023,698,0.682,619,0.605,404,0.395,325,0.318
25Q107,828,551,0.665,491,0.593,337,0.407,277,0.335
25Q120,680,515,0.757,449,0.66,231,0.340,165,0.243
25Q129,1089,596,0.547,490,0.45,599,0.550,493,0.453
25Q130,364,250,0.687,237,0.651,127,0.349,114,0.313
25Q154,553,277,0.501,231,0.418,322,0.582,276,0.499
25Q163,737,559,0.758,502,0.681,235,0.319,178,0.242
25Q164,545,263,0.483,232,0.426,313,0.574,282,0.517
25Q165,609,299,0.491,254,0.417,355,0.583,310,0.509
25Q169,362,226,0.624,210,0.58,152,0.420,136,0.376
25Q184,465,277,0.596,252,0.542,213,0.458,188,0.404
25Q185,1329,1026,0.772,955,0.719,374,0.281,303,0.228
25Q189,644,533,0.828,500,0.776,144,0.224,111,0.172
25Q193,529,212,0.401,185,0.35,344,0.650,317,0.599
25Q194,1012,743,0.734,702,0.694,310,0.306,269,0.266
25Q200,467,225,0.482,194,0.415,273,0.585,242,0.518
25Q201,363,132,0.364,100,0.275,263,0.725,231,0.636
25Q209,504,331,0.657,295,0.585,209,0.415,173,0.343
25Q214,342,225,0.658,207,0.605,135,0.395,117,0.342
25Q219,558,357,0.64,336,0.602,222,0.398,201,0.360
25Q237,1210,1001,0.827,932,0.77,278,0.230,209,0.173
25Q240,597,504,0.844,478,0.801,119,0.199,93,0.156
25Q241,449,401,0.893,382,0.851,67,0.149,48,0.107
25Q242,315,224,0.711,200,0.635,115,0.365,91,0.289
25Q244,420,344,0.819,318,0.757,102,0.243,76,0.181
25Q250,331,209,0.631,185,0.559,146,0.441,122,0.369
25Q252,574,429,0.747,409,0.713,165,0.287,145,0.253
25Q263,407,319,0.784,275,0.676,132,0.324,88,0.216
25Q281,651,578,0.888,560,0.86,91,0.140,73,0.112
25Q285,631,461,0.731,441,0.699,190,0.301,170,0.269
25Q294,350,262,0.749,246,0.703,104,0.297,88,0.251
25Q379,471,351,0.745,315,0.669,156,0.331,120,0.255
25Q425,3013,2382,0.791,2167,0.719,846,0.281,631,0.209
25Q460,1432,1157,0.808,1067,0.745,365,0.255,275,0.192
25Q499,489,347,0.71,309,0.632,180,0.368,142,0.290
25Q525,1344,1237,0.92,1203,0.895,141,0.105,107,0.080
25Q540,303,141,0.465,91,0.3,212,0.700,162,0.535
25Q670,565,429,0.759,394,0.697,171,0.303,136,0.241
25Q792,131,61,0.466,41,0.313,90,0.687,70,0.534
26Q018,368,231,0.628,191,0.519,177,0.481,137,0.372
26Q026,602,320,0.532,263,0.437,339,0.563,282,0.468
26Q031,406,255,0.628,226,0.557,180,0.443,151,0.372
26Q041,399,280,0.702,260,0.652,139,0.348,119,0.298
26Q046,452,291,0.644,257,0.569,195,0.431,161,0.356
26Q067,994,795,0.8,746,0.751,248,0.249,199,0.200
26Q074,1011,847,0.838,814,0.805,197,0.195,164,0.162
26Q094,300,208,0.693,186,0.62,114,0.380,92,0.307
26Q098,215,124,0.577,108,0.502,107,0.498,91,0.423
26Q115,611,414,0.678,363,0.594,248,0.406,197,0.322
26Q133,530,325,0.613,291,0.549,239,0.451,205,0.387
26Q158,812,676,0.833,638,0.786,174,0.214,136,0.167
26Q159,570,397,0.696,370,0.649,200,0.351,173,0.304
26Q162,547,373,0.682,345,0.631,202,0.369,174,0.318
26Q172,880,681,0.774,640,0.727,240,0.273,199,0.226
26Q173,881,563,0.639,506,0.574,375,0.426,318,0.361
26Q178,462,129,0.279,107,0.232,355,0.768,333,0.721
26Q186,348,207,0.595,177,0.509,171,0.491,141,0.405
26Q188,635,452,0.712,422,0.665,213,0.335,183,0.288
26Q191,332,173,0.521,143,0.431,189,0.569,159,0.479
26Q203,726,539,0.742,480,0.661,246,0.339,187,0.258
26Q205,232,144,0.621,127,0.547,105,0.453,88,0.379
26Q213,356,194,0.545,173,0.486,183,0.514,162,0.455
26Q216,1432,1147,0.801,1077,0.752,355,0.248,285,0.199
26Q221,535,323,0.604,288,0.538,247,0.462,212,0.396
26Q266,521,314,0.603,281,0.539,240,0.461,207,0.397
26Q315,522,416,0.797,393,0.753,129,0.247,106,0.203
26Q376,314,239,0.761,208,0.662,106,0.338,75,0.239
26Q390,50,23,0.46,18,0.36,32,0.640,27,0.540
26Q415,3263,2659,0.815,2505,0.768,758,0.232,604,0.185
26Q430,4217,3617,0.858,3467,0.822,750,0.178,600,0.142
26Q435,1105,838,0.758,750,0.679,355,0.321,267,0.242
26Q495,2799,2386,0.852,2282,0.815,517,0.185,413,0.148
26Q566,903,695,0.77,633,0.701,270,0.299,208,0.230
27Q042,525,159,0.303,113,0.215,412,0.785,366,0.697
27Q043,674,208,0.309,135,0.2,539,0.800,466,0.691
27Q045,232,64,0.276,44,0.19,188,0.810,168,0.724
27Q047,225,80,0.356,67,0.298,158,0.702,145,0.644
27Q051,156,46,0.295,35,0.224,121,0.776,110,0.705
27Q053,214,93,0.435,71,0.332,143,0.668,121,0.565
27Q056,310,139,0.448,105,0.339,205,0.661,171,0.552
27Q060,898,432,0.481,348,0.388,550,0.612,466,0.519
27Q062,785,404,0.515,312,0.397,473,0.603,381,0.485
27Q063,933,465,0.498,386,0.414,547,0.586,468,0.502
27Q064,447,266,0.595,239,0.535,208,0.465,181,0.405
27Q065,345,156,0.452,136,0.394,209,0.606,189,0.548
27Q066,418,202,0.483,159,0.38,259,0.620,216,0.517
27Q090,553,250,0.452,198,0.358,355,0.642,303,0.548
27Q096,267,115,0.431,97,0.363,170,0.637,152,0.569
27Q097,566,261,0.461,202,0.357,364,0.643,305,0.539
27Q100,681,351,0.515,270,0.396,411,0.604,330,0.485
27Q104,530,136,0.257,97,0.183,433,0.817,394,0.743
27Q105,649,256,0.394,198,0.305,451,0.695,393,0.606
27Q106,136,25,0.184,19,0.14,117,0.860,111,0.816
27Q108,1124,558,0.496,462,0.411,662,0.589,566,0.504
27Q114,549,181,0.33,160,0.291,389,0.709,368,0.670
27Q123,500,199,0.398,160,0.32,340,0.680,301,0.602
27Q124,990,558,0.564,480,0.485,510,0.515,432,0.436
27Q137,1781,1297,0.728,1172,0.658,609,0.342,484,0.272
27Q146,486,212,0.436,189,0.389,297,0.611,274,0.564
27Q155,453,197,0.435,157,0.347,296,0.653,256,0.565
27Q183,406,145,0.357,112,0.276,294,0.724,261,0.643
27Q197,358,101,0.282,74,0.207,284,0.793,257,0.718
27Q202,888,636,0.716,589,0.663,299,0.337,252,0.284
27Q207,566,174,0.307,153,0.27,413,0.730,392,0.693
27Q210,1543,1077,0.698,959,0.622,584,0.378,466,0.302
27Q223,423,169,0.4,132,0.312,291,0.688,254,0.600
27Q226,871,578,0.664,503,0.577,368,0.423,293,0.336
27Q232,818,357,0.436,317,0.388,501,0.612,461,0.564
27Q253,456,116,0.254,88,0.193,368,0.807,340,0.746
27Q254,468,213,0.455,162,0.346,306,0.654,255,0.545
27Q260,276,148,0.536,116,0.42,160,0.580,128,0.464
27Q261,227,110,0.485,78,0.344,149,0.656,117,0.515
27Q262,1176,818,0.696,750,0.638,426,0.362,358,0.304
27Q273,293,145,0.495,121,0.413,172,0.587,148,0.505
27Q282,260,163,0.627,136,0.523,124,0.477,97,0.373
27Q297,384,264,0.688,239,0.622,145,0.378,120,0.312
27Q302,478,299,0.626,272,0.569,206,0.431,179,0.374
27Q306,327,158,0.483,126,0.385,201,0.615,169,0.517
27Q308,584,460,0.788,435,0.745,149,0.255,124,0.212
27Q309,668,408,0.611,345,0.516,323,0.484,260,0.389
27Q314,397,311,0.783,291,0.733,106,0.267,86,0.217
27Q316,385,193,0.501,169,0.439,216,0.561,192,0.499
27Q317,438,201,0.459,171,0.39,267,0.610,237,0.541
27Q318,165,110,0.667,93,0.564,72,0.436,55,0.333
27Q319,314,150,0.478,120,0.382,194,0.618,164,0.522
27Q323,1149,878,0.764,822,0.715,327,0.285,271,0.236
27Q324,252,132,0.524,109,0.433,143,0.567,120,0.476
27Q333,323,141,0.437,117,0.362,206,0.638,182,0.563
27Q334,403,327,0.811,301,0.747,102,0.253,76,0.189
27Q351,275,149,0.542,124,0.451,151,0.549,126,0.458
27Q362,415,118,0.284,91,0.219,324,0.781,297,0.716
27Q377,309,117,0.379,86,0.278,223,0.722,192,0.621
27Q400,466,300,0.644,256,0.549,210,0.451,166,0.356
27Q475,1606,1256,0.782,1157,0.72,449,0.280,350,0.218
27Q480,2315,1709,0.738,1560,0.674,755,0.326,606,0.262
27Q650,1096,927,0.846,889,0.811,207,0.189,169,0.154
28Q008,410,252,0.615,216,0.527,194,0.473,158,0.385
28Q040,321,143,0.445,112,0.349,209,0.651,178,0.555
28Q048,413,172,0.416,127,0.308,286,0.692,241,0.584
28Q050,694,322,0.464,261,0.376,433,0.624,372,0.536
28Q054,431,207,0.48,167,0.387,264,0.613,224,0.520
28Q055,415,222,0.535,188,0.453,227,0.547,193,0.465
28Q072,258,133,0.516,105,0.407,153,0.593,125,0.484
28Q080,337,86,0.255,65,0.193,272,0.807,251,0.745
28Q082,572,230,0.402,180,0.315,392,0.685,342,0.598
28Q086,615,313,0.509,268,0.436,347,0.564,302,0.491
28Q099,676,316,0.467,255,0.377,421,0.623,360,0.533
28Q101,509,354,0.695,336,0.66,173,0.340,155,0.305
28Q117,741,301,0.406,254,0.343,487,0.657,440,0.594
28Q121,699,338,0.484,280,0.401,419,0.599,361,0.516
28Q139,574,215,0.375,185,0.322,389,0.678,359,0.625
28Q140,358,86,0.24,58,0.162,300,0.838,272,0.760
28Q144,758,566,0.747,518,0.683,240,0.317,192,0.253
28Q157,1549,921,0.595,862,0.556,687,0.444,628,0.405
28Q160,534,200,0.375,161,0.301,373,0.699,334,0.625
28Q161,489,265,0.542,219,0.448,270,0.552,224,0.458
28Q167,828,674,0.814,653,0.789,175,0.211,154,0.186
28Q174,552,329,0.596,303,0.549,249,0.451,223,0.404
28Q175,622,223,0.359,197,0.317,425,0.683,399,0.641
28Q182,587,284,0.484,242,0.412,345,0.588,303,0.516
28Q190,1074,750,0.698,699,0.651,375,0.349,324,0.302
28Q196,804,546,0.679,515,0.641,289,0.359,258,0.321
28Q206,471,162,0.344,131,0.278,340,0.722,309,0.656
28Q217,1464,991,0.677,885,0.605,579,0.395,473,0.323
28Q220,554,203,0.366,179,0.323,375,0.677,351,0.634
28Q284,594,491,0.827,460,0.774,134,0.226,103,0.173
28Q287,361,229,0.634,200,0.554,161,0.446,132,0.366
28Q303,365,237,0.649,214,0.586,151,0.414,128,0.351
28Q310,633,459,0.725,417,0.659,216,0.341,174,0.275
28Q312,225,77,0.342,58,0.258,167,0.742,148,0.658
28Q325,413,306,0.741,286,0.692,127,0.308,107,0.259
28Q328,453,368,0.812,355,0.784,98,0.216,85,0.188
28Q332,219,129,0.589,113,0.516,106,0.484,90,0.411
28Q338,137,84,0.613,62,0.453,75,0.547,53,0.387
28Q349,543,338,0.622,286,0.527,257,0.473,205,0.378
28Q350,509,409,0.804,378,0.743,131,0.257,100,0.196
28Q354,454,134,0.295,97,0.214,357,0.786,320,0.705
28Q358,342,257,0.751,235,0.687,107,0.313,85,0.249
28Q440,3555,2704,0.761,2563,0.721,992,0.279,851,0.239
28Q505,2488,1945,0.782,1776,0.714,712,0.286,543,0.218
28Q620,2218,1950,0.879,1882,0.849,336,0.151,268,0.121
28Q680,681,579,0.85,557,0.818,124,0.182,102,0.150
28Q686,1016,742,0.73,692,0.681,324,0.319,274,0.270
28Q687,518,490,0.946,483,0.932,35,0.068,28,0.054
28Q690,374,259,0.693,231,0.618,143,0.382,115,0.307
28Q896,547,452,0.826,432,0.79,115,0.210,95,0.174
29Q015,332,103,0.31,77,0.232,255,0.768,229,0.690
29Q033,763,400,0.524,325,0.426,438,0.574,363,0.476
29Q034,464,139,0.3,99,0.213,365,0.787,325,0.700
29Q035,554,221,0.399,168,0.303,386,0.697,333,0.601
29Q036,278,79,0.284,61,0.219,217,0.781,199,0.716
29Q037,269,63,0.234,42,0.156,227,0.844,206,0.766
29Q038,255,71,0.278,54,0.212,201,0.788,184,0.722
29Q052,268,66,0.246,48,0.179,220,0.821,202,0.754
29Q059,440,233,0.53,194,0.441,246,0.559,207,0.470
29Q095,1196,639,0.534,510,0.426,686,0.574,557,0.466
29Q109,1006,685,0.681,626,0.622,380,0.378,321,0.319
29Q116,741,300,0.405,246,0.332,495,0.668,441,0.595
29Q118,333,110,0.33,86,0.258,247,0.742,223,0.670
29Q131,667,466,0.699,407,0.61,260,0.390,201,0.301
29Q132,293,81,0.276,61,0.208,232,0.792,212,0.724
29Q134,298,101,0.339,82,0.275,216,0.725,197,0.661
29Q135,688,318,0.462,255,0.371,433,0.629,370,0.538
29Q136,409,126,0.308,103,0.252,306,0.748,283,0.692
29Q138,559,187,0.335,143,0.256,416,0.744,372,0.665
29Q147,418,176,0.421,154,0.368,264,0.632,242,0.579
29Q156,147,39,0.265,26,0.177,121,0.823,108,0.735
29Q176,563,200,0.355,167,0.297,396,0.703,363,0.645
29Q181,266,75,0.282,48,0.18,218,0.820,191,0.718
29Q192,401,189,0.471,160,0.399,241,0.601,212,0.529
29Q195,307,77,0.251,59,0.192,248,0.808,230,0.749
29Q208,646,346,0.536,296,0.458,350,0.542,300,0.464
29Q238,1043,684,0.656,591,0.567,452,0.433,359,0.344
29Q243,462,327,0.708,287,0.621,175,0.379,135,0.292
29Q248,255,155,0.608,121,0.475,134,0.525,100,0.392
29Q251,239,66,0.276,48,0.201,191,0.799,173,0.724
29Q259,611,422,0.691,380,0.622,231,0.378,189,0.309
29Q265,381,220,0.577,188,0.493,193,0.507,161,0.423
29Q268,606,316,0.521,266,0.439,340,0.561,290,0.479
29Q270,646,276,0.427,240,0.372,406,0.628,370,0.573
29Q272,387,275,0.711,240,0.62,147,0.380,112,0.289
29Q283,542,310,0.572,262,0.483,280,0.517,232,0.428
29Q289,182,84,0.462,67,0.368,115,0.632,98,0.538
29Q295,509,236,0.464,196,0.385,313,0.615,273,0.536
29Q313,390,258,0.662,230,0.59,160,0.410,132,0.338
29Q326,345,255,0.739,233,0.675,112,0.325,90,0.261
29Q327,389,248,0.638,215,0.553,174,0.447,141,0.362
29Q355,373,173,0.464,149,0.399,224,0.601,200,0.536
29Q356,313,154,0.492,131,0.419,182,0.581,159,0.508
29Q360,284,95,0.335,83,0.292,201,0.708,189,0.665
29Q492,373,235,0.63,206,0.552,167,0.448,138,0.370
29Q498,458,320,0.699,281,0.614,177,0.386,138,0.301
30Q002,513,185,0.361,146,0.285,367,0.715,328,0.639
30Q010,747,514,0.688,464,0.621,283,0.379,233,0.312
30Q011,730,477,0.653,399,0.547,331,0.453,253,0.347
30Q017,507,248,0.489,210,0.414,297,0.586,259,0.511
30Q069,776,577,0.744,525,0.677,251,0.323,199,0.256
30Q070,698,300,0.43,232,0.332,466,0.668,398,0.570
30Q076,341,152,0.446,117,0.343,224,0.657,189,0.554
30Q078,681,543,0.797,505,0.742,176,0.258,138,0.203
30Q084,238,114,0.479,92,0.387,146,0.613,124,0.521
30Q085,552,283,0.513,241,0.437,311,0.563,269,0.487
30Q092,739,403,0.545,298,0.403,441,0.597,336,0.455
30Q111,282,102,0.362,64,0.227,218,0.773,180,0.638
30Q112,328,132,0.402,109,0.332,219,0.668,196,0.598
30Q122,1141,682,0.598,630,0.552,511,0.448,459,0.402
30Q126,466,329,0.706,296,0.635,170,0.365,137,0.294
30Q127,1028,582,0.566,467,0.454,561,0.546,446,0.434
30Q141,1099,689,0.627,620,0.564,479,0.436,410,0.373
30Q145,1554,1195,0.769,1079,0.694,475,0.306,359,0.231
30Q148,672,363,0.54,288,0.429,384,0.571,309,0.460
30Q149,796,453,0.569,357,0.448,439,0.552,343,0.431
30Q150,791,527,0.666,482,0.609,309,0.391,264,0.334
30Q151,247,93,0.377,64,0.259,183,0.741,154,0.623
30Q152,684,449,0.656,393,0.575,291,0.425,235,0.344
30Q166,748,493,0.659,434,0.58,314,0.420,255,0.341
30Q171,340,135,0.397,107,0.315,233,0.685,205,0.603
30Q204,381,263,0.69,231,0.606,150,0.394,118,0.310
30Q212,652,451,0.692,380,0.583,272,0.417,201,0.308
30Q222,193,118,0.611,106,0.549,87,0.451,75,0.389
30Q227,1492,1132,0.759,1066,0.714,426,0.286,360,0.241
30Q228,192,100,0.521,70,0.365,122,0.635,92,0.479
30Q230,1087,895,0.823,827,0.761,260,0.239,192,0.177
30Q234,366,178,0.486,152,0.415,214,0.585,188,0.514
30Q235,134,79,0.59,65,0.485,69,0.515,55,0.410
30Q258,524,449,0.857,419,0.8,105,0.200,75,0.143
30Q280,522,283,0.542,214,0.41,308,0.590,239,0.458
30Q286,573,483,0.843,455,0.794,118,0.206,90,0.157
30Q291,374,311,0.832,287,0.767,87,0.233,63,0.168
30Q300,478,412,0.862,395,0.826,83,0.174,66,0.138
30Q301,514,417,0.811,390,0.759,124,0.241,97,0.189
30Q329,437,212,0.485,169,0.387,268,0.613,225,0.515
30Q361,423,300,0.709,251,0.593,172,0.407,123,0.291
30Q384,225,187,0.831,170,0.756,55,0.244,38,0.169
30Q398,193,106,0.549,94,0.487,99,0.513,87,0.451
30Q445,2041,1614,0.791,1487,0.729,554,0.271,427,0.209
30Q450,2011,1596,0.794,1471,0.731,540,0.269,415,0.206
30Q501,857,771,0.9,741,0.865,116,0.135,86,0.100
30Q502,875,729,0.833,678,0.775,197,0.225,146,0.167
30Q555,920,646,0.702,520,0.565,400,0.435,274,0.298
30Q575,1193,987,0.827,950,0.796,243,0.204,206,0.173
30Q580,524,463,0.884,455,0.868,69,0.132,61,0.116
31R001,374,50,0.134,41,0.11,333,0.890,324,0.866
31R002,946,531,0.561,471,0.498,475,0.502,415,0.439
31R003,606,120,0.198,101,0.167,505,0.833,486,0.802
31R004,657,193,0.294,170,0.259,487,0.741,464,0.706
31R005,301,58,0.193,49,0.163,252,0.837,243,0.807
31R006,438,81,0.185,67,0.153,371,0.847,357,0.815
31R007,1163,435,0.374,391,0.336,772,0.664,728,0.626
31R008,524,173,0.33,150,0.286,374,0.714,351,0.670
31R009,255,90,0.353,76,0.298,179,0.702,165,0.647
31R010,172,31,0.18,22,0.128,150,0.872,141,0.820
31R011,270,72,0.267,53,0.196,217,0.804,198,0.733
31R013,770,295,0.383,242,0.314,528,0.686,475,0.617
31R016,380,128,0.337,86,0.226,294,0.774,252,0.663
31R018,359,110,0.306,79,0.22,280,0.780,249,0.694
31R019,408,146,0.358,110,0.27,298,0.730,262,0.642
31R020,378,109,0.288,73,0.193,305,0.807,269,0.712
31R021,332,89,0.268,61,0.184,271,0.816,243,0.732
31R022,753,226,0.3,172,0.228,581,0.772,527,0.700
31R023,550,163,0.296,131,0.238,419,0.762,387,0.704
31R024,1294,562,0.434,518,0.4,776,0.600,732,0.566
31R026,268,84,0.313,73,0.272,195,0.728,184,0.687
31R027,983,565,0.575,467,0.475,516,0.525,418,0.425
31R028,309,168,0.544,139,0.45,170,0.550,141,0.456
31R029,573,174,0.304,145,0.253,428,0.747,399,0.696
31R030,678,203,0.299,184,0.271,494,0.729,475,0.701
31R031,308,81,0.263,42,0.136,266,0.864,227,0.737
31R032,605,169,0.279,139,0.23,466,0.770,436,0.721
31R034,988,355,0.359,324,0.328,664,0.672,633,0.641
31R035,383,148,0.386,122,0.319,261,0.681,235,0.614
31R036,734,145,0.198,129,0.176,605,0.824,589,0.802
31R038,345,152,0.441,127,0.368,218,0.632,193,0.559
31R039,478,216,0.452,185,0.387,293,0.613,262,0.548
31R041,613,245,0.4,208,0.339,405,0.661,368,0.600
31R042,961,259,0.27,229,0.238,732,0.762,702,0.730
31R044,542,127,0.234,76,0.14,466,0.860,415,0.766
31R045,787,303,0.385,236,0.3,551,0.700,484,0.615
31R046,179,38,0.212,30,0.168,149,0.832,141,0.788
31R047,519,400,0.771,391,0.753,128,0.247,119,0.229
31R048,933,414,0.444,378,0.405,555,0.595,519,0.556
31R049,573,273,0.476,210,0.366,363,0.634,300,0.524
31R050,665,229,0.344,196,0.295,469,0.705,436,0.656
31R051,1333,657,0.493,557,0.418,776,0.582,676,0.507
31R052,547,210,0.384,168,0.307,379,0.693,337,0.616
31R053,737,261,0.354,221,0.3,516,0.700,476,0.646
31R054,722,301,0.417,249,0.345,473,0.655,421,0.583
31R055,498,94,0.189,71,0.143,427,0.857,404,0.811
31R056,572,100,0.175,89,0.156,483,0.844,472,0.825
31R057,466,150,0.322,86,0.185,380,0.815,316,0.678
31R058,642,247,0.385,209,0.326,433,0.674,395,0.615
31R059,235,99,0.421,83,0.353,152,0.647,136,0.579
31R060,679,192,0.283,166,0.244,513,0.756,487,0.717
31R061,995,523,0.526,436,0.438,559,0.562,472,0.474
31R062,443,101,0.228,86,0.194,357,0.806,342,0.772
31R063,447,273,0.611,250,0.559,197,0.441,174,0.389
31R064,427,321,0.752,295,0.691,132,0.309,106,0.248
31R065,350,138,0.394,115,0.329,235,0.671,212,0.606
31R068,374,116,0.31,89,0.238,285,0.762,258,0.690
31R069,826,340,0.412,279,0.338,547,0.662,486,0.588
31R072,1498,866,0.578,802,0.535,696,0.465,632,0.422
31R074,258,85,0.329,59,0.229,199,0.771,173,0.671
31R075,1358,584,0.43,542,0.399,816,0.601,774,0.570
31R078,568,171,0.301,111,0.195,457,0.805,397,0.699
31R080,1368,733,0.536,646,0.472,722,0.528,635,0.464
31R440,3138,2102,0.67,1921,0.612,1217,0.388,1036,0.330
31R445,1651,1135,0.687,995,0.603,656,0.397,516,0.313
31R450,2178,1626,0.747,1463,0.672,715,0.328,552,0.253
31R455,3725,2248,0.603,2087,0.56,1638,0.440,1477,0.397
31R460,3160,2322,0.735,2157,0.683,1003,0.317,838,0.265
31R470,173,84,0.486,53,0.306,120,0.694,89,0.514
31R600,731,484,0.662,434,0.594,297,0.406,247,0.338
31R605,1351,1223,0.905,1191,0.882,160,0.118,128,0.095
31R861,849,307,0.362,241,0.284,608,0.716,542,0.638
32K045,503,187,0.372,134,0.266,369,0.734,316,0.628
32K075,230,79,0.343,56,0.243,174,0.757,151,0.657
32K086,372,143,0.384,107,0.288,265,0.712,229,0.616
32K106,314,132,0.42,100,0.318,214,0.682,182,0.580
32K116,336,132,0.393,83,0.247,253,0.753,204,0.607
32K123,492,215,0.437,166,0.337,326,0.663,277,0.563
32K145,422,165,0.391,132,0.313,290,0.687,257,0.609
32K151,275,99,0.36,70,0.255,205,0.745,176,0.640
32K162,302,198,0.656,166,0.55,136,0.450,104,0.344
32K168,359,261,0.727,229,0.638,130,0.362,98,0.273
32K274,338,124,0.367,96,0.284,242,0.716,214,0.633
32K291,297,171,0.576,134,0.451,163,0.549,126,0.424
32K299,176,58,0.33,33,0.188,143,0.812,118,0.670
32K347,292,162,0.555,132,0.452,160,0.548,130,0.445
32K349,251,143,0.57,125,0.498,126,0.502,108,0.430
32K376,471,231,0.49,182,0.386,289,0.614,240,0.510
32K377,135,45,0.333,31,0.23,104,0.770,90,0.667
32K383,862,559,0.648,509,0.59,353,0.410,303,0.352
32K384,362,143,0.395,110,0.304,252,0.696,219,0.605
32K403,259,176,0.68,144,0.556,115,0.444,83,0.320
32K545,447,321,0.718,260,0.582,187,0.418,126,0.282
32K549,292,172,0.589,136,0.466,156,0.534,120,0.411
32K552,390,288,0.738,247,0.633,143,0.367,102,0.262
32K554,406,334,0.823,309,0.761,97,0.239,72,0.177
32K556,381,264,0.693,231,0.606,150,0.394,117,0.307
32K562,351,224,0.638,193,0.55,158,0.450,127,0.362
32K564,104,51,0.49,34,0.327,70,0.673,53,0.510
75K004,371,108,0.291,81,0.218,290,0.782,263,0.709
75K036,394,159,0.404,129,0.327,265,0.673,235,0.596
75K053,440,244,0.555,201,0.457,239,0.543,196,0.445
75K077,295,149,0.505,127,0.431,168,0.569,146,0.495
75K140,337,141,0.418,108,0.32,229,0.680,196,0.582
75K141,371,136,0.367,112,0.302,259,0.698,235,0.633
75K231,305,147,0.482,126,0.413,179,0.587,158,0.518
75K368,237,122,0.515,99,0.418,138,0.582,115,0.485
75K369,489,244,0.499,208,0.425,281,0.575,245,0.501
75K370,245,128,0.522,111,0.453,134,0.547,117,0.478
75K371,208,126,0.606,104,0.5,104,0.500,82,0.394
75K372,178,117,0.657,106,0.596,72,0.404,61,0.343
75K373,473,272,0.575,222,0.469,251,0.531,201,0.425
75K396,470,153,0.326,114,0.243,356,0.757,317,0.674
75K721,473,271,0.573,215,0.455,258,0.545,202,0.427
75K753,349,154,0.441,118,0.338,231,0.662,195,0.559
75K771,497,220,0.443,188,0.378,309,0.622,277,0.557
75K811,316,178,0.563,136,0.43,180,0.570,138,0.437
75M035,262,172,0.656,146,0.557,116,0.443,90,0.344
75M079,278,172,0.619,128,0.46,150,0.540,106,0.381
75M094,390,201,0.515,177,0.454,213,0.546,189,0.485
75M138,649,302,0.465,258,0.398,391,0.602,347,0.535
75M169,323,145,0.449,111,0.344,212,0.656,178,0.551
75M226,257,143,0.556,111,0.432,146,0.568,114,0.444
75M721,205,137,0.668,107,0.522,98,0.478,68,0.332
75M751,223,145,0.65,121,0.543,102,0.457,78,0.350
75M811,410,195,0.476,160,0.39,250,0.610,215,0.524
75Q004,482,233,0.483,204,0.423,278,0.577,249,0.517
75Q009,683,335,0.49,297,0.435,386,0.565,348,0.510
75Q023,280,188,0.671,171,0.611,109,0.389,92,0.329
75Q075,578,291,0.503,240,0.415,338,0.585,287,0.497
75Q177,502,351,0.699,280,0.558,222,0.442,151,0.301
75Q224,342,191,0.558,164,0.48,178,0.520,151,0.442
75Q233,509,294,0.578,238,0.468,271,0.532,215,0.422
75Q255,484,221,0.457,189,0.39,295,0.610,263,0.543
75Q256,506,198,0.391,158,0.312,348,0.688,308,0.609
75Q277,680,370,0.544,310,0.456,370,0.544,310,0.456
75Q721,496,375,0.756,297,0.599,199,0.401,121,0.244
75Q752,411,278,0.676,224,0.545,187,0.455,133,0.324
75Q811,441,267,0.605,225,0.51,216,0.490,174,0.395
75Q993,593,343,0.578,286,0.482,307,0.518,250,0.422
75R025,536,296,0.552,248,0.463,288,0.537,240,0.448
75R037,444,152,0.342,128,0.288,316,0.712,292,0.658
75R373,585,200,0.342,142,0.243,443,0.757,385,0.658
75R721,442,274,0.62,224,0.507,218,0.493,168,0.380
75X010,666,269,0.404,219,0.329,447,0.671,397,0.596
75X012,296,193,0.652,150,0.507,146,0.493,103,0.348
75X017,508,234,0.461,192,0.378,316,0.622,274,0.539
75X168,575,244,0.424,197,0.343,378,0.657,331,0.576
75X176,560,356,0.636,295,0.527,265,0.473,204,0.364
75X186,670,269,0.401,210,0.313,460,0.687,401,0.599
75X188,517,251,0.485,193,0.373,324,0.627,266,0.515
75X352,502,206,0.41,154,0.307,348,0.693,296,0.590
75X469,520,233,0.448,186,0.358,334,0.642,287,0.552
75X596,360,127,0.353,98,0.272,262,0.728,233,0.647
75X721,544,365,0.671,300,0.551,244,0.449,179,0.329
75X723,436,202,0.463,162,0.372,274,0.628,234,0.537
75X754,430,249,0.579,174,0.405,256,0.595,181,0.421
75X811,603,409,0.678,335,0.556,268,0.444,194,0.322
Total,822865,495740,0.602,434618,0.528,388247,0.472,327125,0.398
